10000
1000
1 9 10 12 14 17 20 21 24 27 33 41 45 49 50 63 67 68 69 70 96 102 108 109 130 137 153 161 181 183 184 185 198 222 224 262 285 286 296 393 421 450 459 477 558 606 658 675 728 805 876
2 2 2 11 13 14 15 16 17 19 20 23 24 27 28 31 33 34 35 39 44 48 54 60 64 66 72 75 76 115 133 148 156 163 198 226 229 236 238 260 303 309 320 536 561 681 777 782 803 873
3 11 12 15 17 19 20 22 23 25 27 31 40 42 46 48 52 55 59 83 88 100 105 107 148 153 156 167 196 198 209 220 244 268 280 299 331 348 366 436 501 525 532 539 596 682 708 767 778 792 977
4 10 11 12 14 15 16 17 18 20 21 22 26 27 30 32 33 36 42 43 47 48 55 64 70 79 82 87 88 91 93 95 102 128 148 149 174 210 222 245 252 295 313 432 446 534 555 589 608 615 774 925 970
5 10 11 12 13 15 18 19 22 23 24 25 30 33 37 41 46 50 55 56 58 62 63 64 70 94 106 114 120 123 128 132 135 154 158 216 237 269 280 329 388 405 408 469 493 506 526 659 750
6 10 11 13 14 15 19 21 26 28 29 30 32 33 37 42 48 61 66 67 68 71 81 97 108 115 118 119 125 136 161 163 169 186 199 206 240 272 308 310 519 545 575
7 10 11 13 14 16 17 18 23 25 29 32 35 39 44 49 50 59 62 64 67 83 88 102 104 105 109 114 124 130 146 161 163 168 173 181 199 200 247 252 263 272 327 334 381 400 451 535 552 642 668 681 698 829 840 859 927 991
8 10 12 15 16 18 23 24 29 47 49 60 61 70 85 108 137 152 161 162 164 176 197 208 215 220 239 241 244 298 311 351 389 394 396 459 503 663 761 773 832 869
9 1 11 12 13 18 19 20 21 22 28 31 35 36 37 40 44 45 58 69 79 84 89 98 101 103 107 135 163 170 178 195 205 231 277 286 306 359 389 438 447 473 516 633 658 756 791 864 869 939
10 10 10 6 5 4 8 14 7 15 12 1 11 13 16 17 18 19 23 26 27 30 31 32 34 38 40 42 47 53 54 61 62 65 68 71 74 78 82 87 90 91 93 94 107 110 111 113 120 133 172 177 185 188 197 212 218 251 252 264 270 277 279 287 311 353 362 374 387 403 416 499 547 609 619 631 783 827 853 952 982
11 10 9 5 13 3 7 2 6 18 4 19 17 12 14 16 20 22 28 31 39 41 44 51 54 58 60 61 64 65 69 83 85 91 101 109 114 117 118 132 152 172 176 186 203 228 234 238 242 259 288 324 361 416 440 445 507 544 869 990
12 10 1 8 4 14 5 3 11 9 18 21 17 13 15 16 20 22 24 26 36 38 47 53 57 69 74 79 99 112 132 136 150 163 172 187 192 214 263 266 301 303 306 372 432 497 541 562 652 686 938 948 971 974
13 11 12 5 9 14 17 2 6 7 19 20 10 16 22 26 28 30 31 33 35 38 41 51 53 56 62 75 90 103 112 125 131 133 159 176 197 217 221 234 239 255 278 280 307 380 406 412 416 510 570 719 722 903 954 959
14 10 12 13 4 14 14 7 1 2 11 19 18 20 6 15 17 21 24 25 29 30 31 32 34 46 49 50 59 61 63 71 72 93 100 103 121 125 127 129 131 135 143 144 175 177 196 197 247 328 334 405 410 482 497 516 521 666 836
15 10 14 12 2 17 6 5 4 20 3 22 15 15 8 16 19 21 25 27 28 30 32 40 46 47 49 51 54 68 69 72 73 79 81 84 90 101 102 104 116 134 140 144 154 176 182 189 252 290 300 347 363 364 371 399 420 450 451 463 496 651 654 710 738 911 934 985
16 11 12 7 13 10 18 15 2 8 25 4 19 23 24 29 32 36 37 39 46 55 58 59 63 69 71 72 73 78 85 90 112 119 132 134 136 158 181 185 200 209 219 240 255 296 358 373 378 463 518 543 602 616 642 751 753 857
17 11 12 13 15 4 7 17 17 3 2 1 21 14 19 24 10 18 22 25 26 29 30 31 36 43 45 46 48 52 53 63 77 96 97 102 118 128 130 132 156 162 179 188 190 192 289 306 321 360 408 479 481 484 625 666 736 782 855 941 989
18 11 12 14 16 8 7 4 9 17 5 23 24 25 10 19 21 26 28 44 62 64 76 98 152 175 182 190 203 205 211 249 278 284 290 421 492 504 560 743
19 11 13 14 17 18 19 19 6 9 22 15 16 3 10 25 5 2 20 23 24 27 29 31 38 43 47 52 59 76 84 86 93 103 145 157 188 233 244 260 288 427 501 512 842 940
20 13 14 15 9 19 20 20 3 22 2 4 1 11 23 12 25 34 39 41 43 44 58 67 69 72 93 94 110 112 120 129 140 142 159 160 185 199 216 230 241 245 264 413 419 479 542 756 831 984 997
21 12 17 14 6 22 18 1 21 21 4 26 15 27 9 25 31 33 36 38 46 47 60 71 78 79 87 90 96 121 128 129 135 179 196 245 249 265 327 351 375 401 491 508 519 553 586 659 662 702 711 747 818 990
22 15 19 20 21 3 11 9 12 13 27 4 24 25 17 5 28 32 33 35 37 42 43 46 57 59 66 72 78 89 97 98 102 104 105 111 118 124 126 145 158 159 161 200 204 270 275 287 294 307 315 325 345 350 354 403 461 515 573 579 618 693 797 809 857 936
23 18 20 2 16 23 23 8 5 28 10 3 19 7 31 29 30 36 37 40 41 42 48 51 53 55 58 61 76 79 82 85 86 90 98 108 109 114 146 149 150 182 192 202 203 212 231 243 253 255 294 307 313 329 393 431 530 532 802 937
24 17 18 22 14 2 19 27 1 8 12 16 5 26 25 29 31 37 38 39 64 68 76 85 87 139 154 160 166 177 184 190 191 234 290 307 318 337 356 357 370 386 614 683 768 802 859 896 914
25 16 18 19 22 24 7 15 26 3 5 14 27 17 20 21 31 28 32 33 35 39 40 42 47 50 51 52 54 56 58 74 76 81 83 86 94 100 101 105 115 131 142 147 164 209 243 259 261 267 278 281 312 343 361 369 400 427 430 507 522 540 574 606 749 772 915 956
26 21 24 25 18 4 13 12 10 27 29 17 6 28 33 30 32 39 40 44 50 55 56 63 72 88 90 92 93 106 112 116 153 185 200 219 257 275 285 294 327 333 395 398 435 449 569 619 735 993
27 21 22 24 25 26 15 4 1 28 10 29 32 19 2 33 3 37 38 39 41 48 49 61 62 66 81 85 89 96 98 118 133 142 162 168 199 208 219 242 244 248 291 334 344 352 377 443 499 534 559 623 799 929 946 973
28 23 26 27 25 9 13 22 31 29 2 15 6 18 11 35 36 43 59 62 63 65 73 77 99 105 118 141 169 181 182 220 228 363 369 474 503 550 584 599 621 688 731 792 802 816 824 894
29 26 27 28 7 14 16 32 19 23 17 8 31 24 6 30 35 36 53 55 56 60 71 74 83 89 93 100 103 113 116 138 141 142 148 183 187 221 229 233 260 271 281 311 335 343 346 356 398 458 580 589 653 664 732 775 814 824 837 874 906 945 981 995
30 26 29 13 10 4 5 15 17 23 14 6 32 34 41 44 51 55 65 68 71 72 73 75 81 84 94 95 100 101 116 130 169 171 183 214 222 223 232 240 249 262 276 282 351 359 397 572 594 716 721 799 850 891 906 998
31 23 25 28 29 10 21 9 14 13 2 19 24 17 11 3 36 37 42 45 51 63 65 67 72 86 91 106 112 122 128 134 137 141 143 189 205 287 329 368 390 485 576 609 780 790 827 886 908 931 968
32 27 29 22 15 14 4 10 26 7 16 6 25 30 45 46 49 51 58 68 75 81 85 86 102 104 108 114 123 124 126 139 143 144 147 151 155 167 207 218 235 281 317 327 338 362 382 416 435 491 643 779
33 26 27 2 13 34 21 22 25 6 4 1 40 5 35 42 43 44 45 49 52 56 60 77 87 91 97 103 120 124 145 163 170 174 176 181 193 194 230 250 263 270 308 320 338 340 344 532 600 638 673 749 825 858 889 946
34 33 20 30 2 36 14 35 39 34 34 41 10 40 37 43 48 52 56 60 69 82 86 117 171 210 215 226 241 243 247 317 322 338 373 460 481 489 493 509 518 526 547 703 777 817 830 906
35 34 13 25 33 2 29 40 9 28 22 7 39 43 48 51 56 65 66 69 73 75 78 80 90 120 142 157 159 168 173 175 195 206 207 230 251 264 267 301 309 311 370 557 626 628 637 642 864 880 888 955
36 34 17 23 31 16 4 21 40 12 29 9 28 38 39 46 50 54 56 72 79 81 87 106 112 127 136 143 158 206 212 242 255 302 315 321 346 411 418 425 446 461 490 549 577 671 705 713 722 838 873 912 957 968
37 22 27 31 24 5 23 34 6 9 39 16 46 67 68 71 73 76 79 99 108 140 159 164 296 332 333 340 385 433 443 456 475 541 683 704 713 795 833
38 24 21 39 27 42 12 19 36 13 10 44 53 61 63 75 82 84 121 135 150 153 155 171 229 231 303 347 368 445 667 761 915
39 34 35 37 38 27 16 11 20 2 7 36 26 24 44 25 40 42 43 45 56 60 65 68 74 75 84 85 100 104 123 125 126 128 130 148 149 162 165 261 266 271 291 325 332 350 358 361 366 487 524 545 576 581 862
40 33 34 35 36 25 3 41 39 9 15 10 26 47 46 23 52 54 60 66 93 96 98 116 119 124 126 140 155 167 174 220 333 411 429 452 459 535 702 732 746 812 831 992
41 34 40 41 41 5 20 13 27 42 23 1 11 43 30 48 52 57 64 70 79 80 127 133 138 142 146 197 293 314 369 388 454 480 499 538 567 619 684 873 928 962
42 38 41 6 22 10 25 45 31 4 39 3 33 23 47 58 70 71 76 107 110 135 138 141 158 181 219 221 227 235 244 258 287 301 383 399 406 434 435 453 454 576 607 667 696 775 975
43 41 34 33 28 35 17 19 4 22 20 39 53 45 50 52 54 55 66 74 83 124 146 160 193 206 209 213 255 343 351 399 483 534 865
44 38 39 30 33 26 7 9 2 18 11 45 20 47 54 55 56 77 80 88 91 95 102 103 107 111 201 293 306 382 393 477 505 530 531 554 626 633 673 681 690 700 758 762 843 850 854 902 924 926 968
45 42 44 31 33 43 17 45 45 46 50 1 9 39 32 49 51 55 61 67 92 97 140 144 211 214 224 227 243 300 306 384 387 391 393 403 417 419 450 467 469 480 499 522 539 589 670 993
46 40 45 5 3 15 22 36 16 21 14 17 32 37 57 62 64 69 70 83 84 95 110 113 115 125 142 147 184 191 248 261 349 452 483 534 622 702 861 866
47 40 44 15 12 21 19 47 47 25 10 8 52 4 42 64 70 97 106 111 118 147 172 180 183 189 199 225 256 304 307 381 410 413 446 458 498 577 614 617 657 670 913
48 48 48 4 41 3 6 2 35 23 34 27 17 49 63 73 78 82 94 100 115 119 141 145 151 153 166 177 180 253 263 290 295 326 328 350 355 356 440 553 602 713 781 833 837 838 840 880 930 958 984
49 45 7 14 51 15 1 48 27 33 8 32 53 54 57 58 59 61 62 66 69 74 84 94 95 109 116 117 119 120 135 179 215 237 322 367 390 465 468 483 539 564 611 684 830 833 848
50 45 26 51 5 36 43 1 25 14 54 7 59 52 74 75 77 80 83 86 91 117 129 135 138 147 160 208 257 268 269 281 292 409 425 797 802 863 968 972
51 49 50 35 31 15 23 45 25 11 13 52 30 32 65 75 80 85 87 89 97 107 115 133 135 142 164 175 250 288 308 337 345 357 374 404 480 492 658 832 883
52 47 51 41 34 40 17 43 33 50 25 3 19 52 52 54 67 90 97 109 143 149 150 157 187 196 197 202 258 290 340 341 387 425 469 471 472 574 631 656 682 687 717 967 971
53 43 13 10 53 53 23 29 49 12 17 61 38 55 57 65 67 68 73 92 95 104 117 134 144 146 159 206 227 230 244 246 252 270 288 310 372 413 447 449 484 597 639 848 890
54 50 2 52 44 11 49 43 25 40 10 36 15 57 59 71 72 73 75 77 87 94 110 116 155 165 173 223 241 256 257 295 466 642 728 849 927 938 952 962
55 53 23 3 26 29 5 30 43 44 4 16 45 57 58 74 76 77 80 89 93 99 115 116 122 124 132 143 160 233 234 236 258 260 291 473 541 575 595 619 652 687 817 818
56 25 34 26 35 5 33 39 29 13 36 44 57 62 68 79 82 85 91 95 97 113 120 123 135 150 156 161 171 177 200 214 273 279 416 424 438 475 573 579 589 633 699 732 765 784 815 840 946 978 997
57 53 22 41 59 12 55 56 63 54 49 46 77 87 99 100 148 166 182 225 246 248 251 406 436 449 522 590 613 689 734 739 857 930 948
58 55 32 49 5 20 42 16 23 25 11 9 62 63 66 73 88 127 137 144 148 187 193 286 334 335 350 430 447 516 537 548
59 50 57 19 28 22 3 7 54 16 14 67 61 49 70 79 92 105 106 118 128 133 141 164 182 207 240 262 311 312 318 361 363 418 486 529 569 595 658 743 760
60 11 29 39 8 33 21 2 40 34 63 60 60 70 78 83 86 92 99 101 121 131 140 148 156 171 218 279 314 428 472 523 580 607 611 682 760 770 806 902 915
61 53 59 45 8 14 6 23 27 38 10 11 70 49 65 78 89 122 123 138 162 170 232 249 274 289 351 367 385 407 555 644 693 733 812 871
62 49 56 28 27 46 10 7 18 58 13 5 66 71 74 85 86 108 125 130 133 149 161 166 171 184 216 269 294 303 331 369 431 474 558 759 844 889
63 57 60 48 28 5 1 31 38 26 17 16 14 58 66 88 92 145 151 156 199 203 227 232 235 253 258 261 262 292 293 297 334 399 402 410 428 453 474 496 509 546 580 595 829 872
64 2 11 46 41 7 18 66 4 5 24 47 70 81 117 122 151 156 180 239 240 294 300 304 322 334 376 434 461 596 699 752 774 909 953 961
65 31 30 11 61 28 53 35 51 39 10 69 77 98 117 123 130 133 149 152 164 189 206 255 277 322 328 331 339 381 403 405 504 661 675 683 721 730 736 741 853 882 999
66 64 58 63 2 49 22 43 6 62 27 40 35 80 101 126 129 153 154 155 162 202 217 222 298 300 335 392 394 428 439 466 478 510 712 718 727 927 985
67 59 67 67 53 20 52 37 72 6 1 31 45 7 105 113 116 156 174 189 232 317 349 427 447 450 533 616 656 702 829 843 844 858 946
68 56 30 53 37 39 10 6 1 32 15 24 80 87 88 92 102 103 113 114 152 167 171 172 203 287 320 326 330 410 420 524 541 542 575 646 660 761 803 806 847 859 929 953
69 65 9 46 35 11 1 20 12 15 49 16 34 76 77 82 97 157 167 178 191 217 230 240 272 324 420 435 549 602 603 607 613 925
70 61 42 4 60 5 8 46 1 47 59 41 64 80 105 106 113 132 139 152 167 198 201 222 228 241 286 308 318 321 343 373 409 421 706 727 810
71 14 21 30 6 54 62 16 42 29 10 37 78 80 83 87 89 107 138 186 188 206 245 299 337 368 417 470 523 528 590 612 689 855 888 926 967
72 67 31 15 30 14 26 16 2 36 54 22 20 78 81 83 93 94 96 103 108 180 189 196 203 250 257 284 289 315 329 349 382 384 388 392 424 635 668 682 742 778 866 918
73 15 30 48 35 16 28 53 37 81 58 54 122 127 144 157 163 170 174 206 214 246 253 272 290 358 443 476 513 521 578 944 983
74 62 55 39 49 25 29 50 79 10 12 43 84 91 112 119 130 154 204 215 224 317 380 416 427 430 434 446 530 531 596 678 878
75 50 35 2 30 51 39 38 76 32 54 13 84 96 107 109 115 151 179 196 247 259 263 365 374 431 437 745 756 763 777 785 787 872 945 975
76 75 25 55 19 2 42 24 78 23 37 69 18 77 86 89 98 102 109 117 118 128 138 139 153 168 201 230 283 301 316 338 340 342 400 461 636 648 685 697 778 849 935 997
77 69 57 54 50 65 33 76 55 28 17 44 82 89 92 95 101 111 113 127 140 152 155 173 192 277 278 297 350 400 415 494 531 539 569 636 824 905 997
78 76 71 78 78 21 22 60 10 35 72 16 61 48 81 88 90 98 99 108 131 150 154 178 181 191 202 227 243 247 272 332 346 355 365 395 413 419 436 445 482 512 542 550 572 660 674 686 695 703 789 808 846
79 74 56 41 23 4 21 36 15 37 12 59 9 94 104 129 150 161 187 212 218 262 288 304 408 414 459 491 493 505 558 654 686 694 744 758 806 808
80 41 71 66 35 70 51 55 44 68 50 87 84 125 134 162 166 180 188 208 217 221 226 227 232 251 418 447 454 552 615 648 664 670 689 726 780 890 920 992
81 73 27 32 25 78 82 72 36 30 6 15 64 92 95 96 114 119 149 167 171 175 195 226 231 237 246 267 274 296 318 319 371 405 470 527 595 604 634 746 848 892 944
82 81 69 56 34 10 23 83 86 77 48 38 4 88 111 113 124 126 139 140 191 225 265 278 297 364 438 446 449 513 548 580 639 652 688 762 859 872 881
83 82 71 25 29 43 60 50 11 46 7 3 72 101 106 110 112 117 121 129 136 152 155 197 208 219 228 242 266 280 330 363 383 446 468 552 594 623 639 651 723 766 925 987
84 75 49 15 30 80 74 46 39 38 9 19 89 103 106 109 133 139 153 194 195 202 207 250 289 299 348 359 364 424 568 594 625 626 638 673 676 771 789 941
85 27 24 11 23 8 62 32 51 39 56 16 116 121 131 137 145 160 181 182 197 199 208 305 343 384 404 622 631 683 734 775 785 805 951
86 82 32 62 50 34 19 31 23 76 92 60 25 88 91 96 101 107 108 112 119 138 150 170 211 218 236 251 252 259 263 265 276 301 392 439 510 528 550 582 634 693 744
87 80 57 24 21 71 51 4 10 33 68 36 54 111 113 131 151 160 178 187 198 219 226 247 268 272 290 305 336 391 420 586 671 674 777 839 933 952
88 7 58 82 3 26 4 78 63 68 86 44 100 104 105 116 145 146 148 185 206 211 215 273 276 289 291 314 375 383 397 400 437 483 525 627 645 673 675 762 908 918
89 27 9 77 22 55 71 51 76 61 84 29 90 95 107 111 132 154 158 168 175 189 208 210 217 229 234 266 306 363 414 422 433 502 580 590 598 639 736 776 980
90 89 26 35 10 78 23 13 52 15 16 21 117 123 126 139 144 147 201 219 223 229 233 303 322 341 355 365 492 495 601 766 834
91 44 50 74 33 92 31 86 56 11 10 4 97 105 110 119 122 123 125 132 140 146 176 180 189 193 198 239 271 341 344 357 367 417 552 704 718 735 772 804 807
92 86 91 45 63 59 92 92 53 81 60 68 26 77 93 94 96 100 109 111 115 125 139 141 145 160 166 168 171 201 229 238 243 272 277 297 349 537 622 656 715 865 916 943 995
93 92 14 29 72 19 95 26 40 55 20 10 4 113 155 192 214 220 259 313 337 387 389 435 540 541 648 668 732 782 794 958
94 5 25 92 54 49 79 10 20 30 72 48 103 110 120 126 136 137 147 149 154 169 178 186 196 198 230 249 262 277 284 293 297 354 394 406 489 494 499 511 528 530 563 566 575 705 825 924 952 991
95 93 4 49 46 56 77 44 30 95 95 81 53 89 110 114 154 159 163 176 195 273 316 384 412 414 482 484 593 689 731 743 809 814
96 81 72 1 75 21 97 27 86 92 40 17 99 117 120 121 127 137 156 216 217 285 305 318 322 328 353 364 397 471 479 484 493 583 626 636 772 779 786 813 820 848 858 947 980
97 96 56 22 47 52 51 17 69 6 33 45 91 104 105 108 124 140 162 205 207 220 252 258 285 286 352 379 457 471 679 877
98 9 40 22 101 23 27 104 18 65 76 78 102 115 123 131 145 173 177 180 184 212 220 228 230 242 252 262 271 278 285 288 292 316 379 390 391 407 451 481 492 588 590 615 617 648 895
99 55 78 96 28 60 12 57 104 37 105 108 110 112 119 159 165 186 194 195 196 219 254 273 299 326 332 387 391 469 581 604 687 705 859 893 974
100 88 25 48 57 92 30 106 39 3 29 14 101 104 122 136 157 167 183 188 233 245 280 339 514 564 609 620 632 677 893
101 98 66 11 77 15 30 100 25 86 83 9 60 107 136 143 154 173 175 210 216 223 251 254 317 355 400 411 528 553 846 939
102 7 22 68 32 4 1 76 17 15 98 44 122 123 129 132 141 148 155 164 170 179 181 200 213 223 236 346 361 364 445 563 565 648 704 755 891 933
103 84 13 44 72 33 14 68 29 19 94 9 143 150 157 193 235 256 257 307 319 364 371 403 404 488 532 643 711 777 964
104 98 99 100 15 88 97 32 79 7 39 53 112 22 106 145 158 168 177 184 191 217 249 254 260 270 295 372 421 432 438 510 606 674 701 712 780 822 970
105 99 88 25 67 22 91 97 7 59 70 28 3 124 127 143 159 161 164 170 184 188 191 195 247 296 299 343 390 397 412 423 488 527 555 610 616 741 754 855 946
106 100 84 47 26 36 70 5 31 104 109 83 59 118 124 130 168 170 172 174 188 200 203 276 332 350 355 361 366 419 475 487 632 880 993
107 75 44 101 10 89 9 51 86 71 42 3 111 127 134 158 169 206 218 222 238 274 292 330 347 399 439 482 533 561 573 646 675 949 960 981
108 99 32 37 78 23 1 8 62 86 97 6 72 109 111 123 130 134 149 178 210 289 290 316 342 404 432 508 529 531 535 578 586 627 713 889 897 902 929 979
109 106 76 52 11 7 108 1 23 49 84 75 92 121 126 131 133 134 141 142 144 149 157 182 187 192 268 324 540 559 584 620 629 795 797 826 843 846
110 95 99 10 54 94 46 115 91 42 20 83 127 134 136 154 209 235 245 295 328 377 453 479 515 882 961
111 77 22 10 92 107 89 108 44 87 82 47 126 129 166 194 205 215 271 274 349 395 401 417 423 429 447 528 570 620 663 710 737 745 757 785 847 872 918
112 104 36 20 31 13 74 16 12 26 99 83 86 139 142 161 174 187 188 226 246 254 256 275 280 283 312 359 380 408 454 457 540 548 556 561 607 687 712 772 852 984
113 10 70 93 77 46 82 29 68 87 67 56 122 131 138 151 169 202 282 298 325 349 402 407 456 611 628 654 887
114 95 23 68 32 5 118 81 7 121 117 11 120 125 141 189 232 235 248 250 273 298 332 370 473 539 617 648 669 701 980
115 110 46 75 92 2 55 51 98 48 122 6 25 127 131 146 166 192 200 235 239 242 284 319 414 524 551 786 853 963
116 54 26 55 40 29 88 30 15 49 85 67 121 147 165 186 201 211 215 234 239 253 280 325 358 360 364 366 386 463 497 751 830 872 885 912 942
117 114 65 90 34 96 64 53 76 11 83 49 50 118 121 185 188 222 267 300 310 339 380 396 399 439 520 545 569 676 677 729 755 806 836 860
118 114 47 106 59 22 28 27 76 117 6 11 17 128 134 160 162 178 202 205 239 243 248 259 296 313 327 339 360 361 441 445 506 511 617 684 714 719 829 867 893 914
119 48 40 81 74 99 16 123 6 86 91 49 120 125 129 157 201 236 289 330 332 372 397 402 427 452 502 513 620 661 697 846
120 56 35 119 10 49 94 5 20 96 33 114 147 167 168 195 257 270 281 288 321 344 353 360 371 391 406 470 480 487 508 592 599 614 701 716 752 762 975 995
121 114 117 96 21 14 38 109 125 116 83 60 85 139 152 169 189 203 215 216 240 246 250 261 321 371 374 412 429 437 456 473 530 534 547 757 789 827 877 922 971
122 115 102 64 61 113 122 122 100 127 73 55 31 91 155 170 173 223 229 302 310 443 464 482 488 489 518 525 543 575 586 603 624 634 660 664 755 903
123 119 108 90 39 65 102 91 5 56 32 98 61 128 181 188 209 238 242 244 250 252 259 261 276 279 294 368 426 429 430 474 477 484 602 643 655 977
124 33 22 97 106 7 82 40 43 32 55 105 137 151 159 165 166 190 193 199 210 276 291 298 378 436 464 512 549 574 582 589 608 635 694 960
125 121 114 14 119 39 6 46 13 92 62 91 80 129 176 218 275 315 333 348 381 475 588 657 715 733 744 775 861 910 961
126 90 66 39 40 111 94 129 109 82 22 32 138 141 144 179 190 211 215 216 222 239 282 291 324 326 376 423 435 457 465 629 646 660 746 837
127 122 107 110 115 77 96 105 36 58 41 73 14 149 150 177 214 225 228 230 248 264 281 285 292 443 556 565 613 861 905 931
128 76 5 4 17 39 31 133 59 123 118 21 200 211 212 250 257 282 291 297 321 348 357 399 405 472 488 499 756 899 940 967
129 126 119 50 111 79 20 83 66 21 102 14 125 137 151 176 181 186 190 256 267 276 296 307 378 464 533 584 610 658 777 821 855 884 962 983
130 65 17 39 74 30 108 133 1 7 62 106 138 142 165 173 197 227 245 266 303 309 331 334 335 366 416 448 469 478 504 538 557 647 742 749 822 910 957 965
131 85 115 78 25 98 60 113 14 13 87 109 157 166 174 180 182 189 198 201 228 232 236 251 348 350 355 432 437 458 507 508 558 578 642 917
132 91 5 12 102 89 70 16 55 11 17 136 147 174 231 253 309 344 349 364 410 426 433 465 470 539 898
133 128 130 51 84 59 13 2 10 109 41 65 62 27 139 152 177 183 212 216 256 349 358 440 463 556 616 841 987
134 118 108 53 15 109 110 80 107 31 16 139 217 295 323 333 338 409 426 580 592 643 654 760 767
135 50 9 136 42 49 5 38 51 56 14 21 146 153 164 192 214 218 220 251 254 269 439 471 472 476 492 493 624 634 669 781 847 898 944
136 132 135 100 83 6 110 94 16 12 140 101 36 138 148 151 165 193 198 208 236 241 274 314 325 327 356 386 412 447 586 609 618 641 650 672 824 877
137 94 124 58 138 85 96 129 31 144 1 8 147 180 183 193 203 209 261 267 270 312 323 335 349 484 490 503 509 518 609 704 714 920 950
138 136 137 29 86 41 71 130 126 113 42 76 61 50 145 194 214 236 243 253 306 322 356 366 474 488 581 693 695 705 731 750 999
139 134 112 82 76 70 90 121 24 32 84 133 92 158 171 178 205 241 265 301 354 355 374 398 410 424 444 464 486 498 547 563 627 786
140 136 20 97 60 77 82 15 45 144 91 37 40 158 175 187 190 231 232 265 295 297 368 377 401 502 548 601 623 661 705 715 740 744 750 893 970
141 42 92 109 28 59 102 126 114 31 29 48 143 155 157 168 172 213 233 279 291 301 302 326 338 360 376 409 577 615 912 972
142 51 46 25 29 109 27 41 112 130 35 20 175 178 239 264 279 310 314 367 395 488 501 523 637 684 690 694 793 794 874 936 969 995
143 14 55 103 105 31 36 32 141 52 101 152 175 192 210 215 230 254 286 325 373 375 499 612 716 952 979
144 137 140 32 90 126 15 53 109 58 45 14 153 73 146 152 163 168 169 191 225 243 413 764 794 807
145 33 92 19 48 22 63 85 104 98 88 138 163 169 178 199 204 209 268 270 283 300 348 414 456 485 507 508 568 576 655 784 894
146 135 146 146 53 91 88 144 43 7 41 115 23 174 175 186 190 218 266 282 303 308 331 344 352 353 431 448 464 694 696 878
147 132 46 137 32 94 90 120 47 116 25 50 179 182 194 209 220 235 263 280 298 306 312 337 383 387 548 703 738 743 744 771 800 820
148 58 136 88 39 29 4 2 3 60 57 102 163 169 210 213 225 226 228 298 423 453 455 470 473 512 527 537 543 562 624 823 855 964 996
149 4 39 81 108 109 52 62 23 65 94 127 150 153 173 194 218 238 248 298 416 454 578 628 659 715 757 963
150 103 52 127 149 38 78 12 86 23 79 56 158 161 167 170 195 213 221 227 254 305 314 330 354 388 654 826 847 860 935
151 63 32 48 87 75 129 155 136 64 124 113 170 207 217 229 268 303 313 323 325 337 371 398 409 441 508 564 608 629 935
152 143 144 65 68 8 133 121 11 83 18 77 70 159 162 227 258 297 311 315 322 410 413 415 451 481 506 598 630 732 827 949
153 144 66 38 26 3 48 1 84 149 135 76 156 162 164 179 180 201 222 223 238 248 267 269 309 320 338 347 408 421 457 529 554 581 587 676 974
154 95 5 110 24 15 78 101 74 89 66 94 190 214 231 256 267 269 278 304 308 317 320 374 400 419 538 578 588 712 714 790 965 978
155 151 102 38 77 32 141 122 54 40 66 93 83 184 207 234 274 395 398 452 476 538 552 558 672 763 813
156 153 17 96 60 159 63 64 56 3 67 156 156 2 173 177 228 258 274 311 346 354 365 436 485 488 491 534 596 670 698 719 754 788 804 854
157 119 19 69 103 73 109 35 131 141 100 52 165 194 206 210 229 237 257 271 330 352 392 393 540 556 597 601 615 663 672 683 756 780 785 786 853
158 139 16 22 89 107 150 5 42 140 104 36 185 197 199 211 225 353 354 378 384 454 486 544 546 711 718 743 923 926
159 156 99 53 124 22 95 37 13 105 20 152 35 165 205 215 241 245 328 340 402 430 479 495 504 517 536 578 631 657 709 770 825 893 995
160 24 43 50 85 92 20 162 118 168 55 87 205 207 224 243 253 259 260 344 371 372 389 413 434 443 571 717 760 845 856 998
161 79 105 112 8 1 150 56 7 62 6 22 165 172 179 183 192 198 209 221 240 257 264 282 311 317 380 419 439 453 632 688 822 856 869 896 987
162 160 97 66 27 61 39 118 153 152 17 8 80 213 248 273 284 455 483 484 495 664 670 881 894
163 6 2 7 33 95 73 144 145 12 9 148 185 209 211 212 302 333 367 368 408 411 417 462 476 582 617 866 981
164 59 105 25 37 102 51 65 171 135 153 8 172 184 200 201 222 302 310 330 385 393 397 403 466 509 605 625 632 638 649 688 771 783 928 952
165 54 130 159 39 136 161 116 124 157 167 99 172 173 253 281 286 303 312 316 333 385 392 414 430 449 505 542 547 614 623 661 826 874 918
166 62 48 24 80 168 57 92 111 124 115 131 174 182 194 204 264 276 376 378 487 578 593 618 723 725 879 883 890
167 165 150 100 120 40 3 68 32 70 168 69 81 172 183 190 216 336 347 385 515 929 989
168 160 166 167 89 27 141 92 120 144 76 106 104 35 7 179 187 196 199 202 204 210 213 216 219 224 251 269 299 309 351 366 380 391 430 484 498 588 710 733 813 907 928 940 998
169 94 169 169 28 121 145 113 144 6 148 30 107 194 300 398 411 429 457 471 496 650 669 734 753 816 886 917 953 967
170 150 151 73 105 106 33 86 122 61 9 102 176 198 232 286 300 304 324 326 341 352 362 379 473 505 536 605 615 618 736 819
171 164 62 68 56 34 38 60 81 92 30 139 178 180 204 246 257 266 323 345 354 673 677 734 815 871 946
172 165 47 161 12 106 11 167 164 10 68 141 186 202 212 221 272 275 313 325 373 418 496 505 521 537 555 566 661 742 795 833 962
173 165 77 149 101 122 130 54 35 98 7 156 176 204 211 234 242 246 262 263 265 283 285 296 357 390 458 566 568 655 801 842 868 911
174 33 131 67 166 4 146 132 73 40 106 112 178 196 207 216 221 268 285 362 459 566 577 592 648 921
175 143 51 89 142 146 140 35 14 101 81 18 183 184 190 193 263 286 295 407 477 493 531 566 632 821 837 843 863 875 884 891 950
176 33 15 170 8 11 129 95 91 173 125 13 177 179 185 224 235 237 273 392 402 459 488 544 548 572 590 610 613 635 795 868
177 176 127 10 48 133 24 56 14 104 98 156 210 256 259 264 299 313 316 341 368 384 424 456 573 714 755 817 951
178 171 78 69 145 87 9 108 139 94 118 142 174 183 191 212 255 260 292 304 338 559 569 590 759 900 991 996
179 49 126 153 161 21 75 176 168 147 102 17 242 279 362 403 476 515 520 574 609 620 630 645 662 804 824
180 80 171 98 153 72 47 48 131 64 91 137 236 287 328 356 377 425 484 534 557 590 593 708 713 774 864 891 914 946 976
181 16 129 102 7 42 78 85 123 33 1 28 208 228 241 244 294 315 363 373 424 521 545 651 674 729 782 937
182 18 57 28 166 85 109 147 59 131 23 15 195 219 235 237 247 275 278 282 297 308 312 316 340 352 385 422 437 494 601 643 657 717 750 810 819 929 958
183 133 47 100 161 1 29 167 178 30 175 137 185 186 187 196 237 342 375 381 425 446 505 518 526 761 774 816 879 907 979
184 104 105 164 1 46 24 62 187 155 175 98 195 205 222 266 428 487 533 558 607 751 766 791 879 934 940 942 943 987
185 26 88 158 10 16 183 20 163 176 1 117 204 227 238 255 282 301 314 355 371 394 500 524 652 679 972
186 6 71 172 11 186 186 116 99 94 129 183 146 194 225 229 245 269 306 362 384 424 444 477 514 526 563 602 741 862 880
187 184 12 183 58 29 168 140 109 52 112 79 87 191 207 237 246 258 281 312 314 343 371 378 390 426 435 442 528 630 724 783 806 814 821 855 957 988
188 123 106 105 10 112 100 117 17 19 71 80 197 213 217 225 247 268 287 319 375 593 748 767 874
189 121 91 65 47 89 72 15 131 114 31 67 265 285 331 376 377 379 445 503 513 542 572 632 646 835 909 951 981
190 129 24 124 167 18 175 126 17 154 140 146 193 213 259 267 284 293 334 357 382 386 390 414 420 485 550 596 738 794 844 885 959
191 82 24 144 69 46 187 178 78 105 104 200 202 223 224 309 390 406 413 417 426 433 505 560 597 609 834 913
192 17 23 109 12 115 93 135 197 161 77 143 213 269 273 274 312 315 317 386 400 489 490 604 615 676 679 709 729 743 759 801 807
193 136 91 190 124 175 58 43 33 201 103 137 204 226 255 260 270 458 487 507 511 530 532 540 567 618 630 686 691 695 712 724 964
194 111 147 33 99 186 166 149 169 84 157 138 224 225 240 246 249 256 257 283 344 420 423 434 572 592 731 742 775 800 851 922
195 184 105 81 9 120 99 182 35 95 150 84 293 324 338 339 346 448 499 526 700 792 880 890 947
196 183 3 52 21 72 168 99 174 14 75 94 201 203 205 289 318 329 335 370 423 441 484 500 520 543 587 597 606 624 687 761 772 816
197 192 188 13 130 41 8 83 14 10 85 52 158 200 224 249 259 267 274 275 332 436 509 574 616 628 653 656 674 682
198 170 94 87 91 3 161 2 136 1 131 70 223 237 243 277 292 295 345 377 408 417 498 507 537 550 572 710 719 804 982
199 158 20 145 27 6 85 168 124 47 7 63 223 233 236 261 294 336 411 432 582 649 725 772 909
200 191 197 22 26 115 56 106 102 16 128 164 7 202 203 226 239 273 284 304 341 410 430 439 549 595 845 914 916
201 193 153 70 44 90 196 164 119 131 92 116 76 226 357 358 370 376 396 444 471 486 539 557 650 668 729 839 955
202 84 172 66 191 52 113 23 78 118 168 200 218 221 233 297 422 431 441 453 481 555 556 558 609
203 106 68 11 23 18 63 137 121 72 200 196 208 292 310 320 351 375 396 398 412 436 539 574 600 659 790
204 193 74 166 145 171 206 204 204 22 185 168 173 226 262 288 310 347 542 565 583 638 642 667 742 812 905 919
205 196 139 97 160 118 111 18 159 184 9 31 212 213 214 228 231 252 253 254 288 378 408 423 476 531 552 611 748 758 788 868 931
206 204 43 71 35 36 6 53 157 107 73 65 88 208 211 268 312 376 389 394 636 717 791 839 922
207 187 174 35 155 151 160 84 97 213 32 59 233 261 266 271 293 304 399 458 522 532 571 668 712 720 752 772 773 819
208 50 136 89 80 206 203 8 181 83 27 85 219 221 251 258 307 354 362 365 393 482 500 501 600 629 750 844 891 915
209 163 161 43 3 25 123 147 110 16 137 145 242 252 302 388 415 427 448 501 538 584 621 676 754 901
210 34 101 148 124 143 157 4 108 177 89 168 233 262 265 270 277 323 374 383 417 439 552 620 749 801 910 965
211 88 116 45 206 158 18 128 163 126 86 173 220 224 235 268 273 294 453 628 680 702 798
212 172 178 163 36 133 128 23 205 79 98 10 324 333 439 451 585 628 777 835 863 971
213 207 205 141 190 102 168 188 162 148 43 192 150 313 347 401 421 470 520 565 576 600 643 663 727 784 840 870 936
214 154 127 138 12 93 56 45 73 205 135 30 224 281 299 308 311 318 328 331 400 415 423 431 434 477 490 577 622 734 789 830
215 116 74 8 88 34 49 126 121 111 159 143 234 244 329 340 365 367 489 509 614 814 893 923
216 126 96 5 133 168 121 62 20 167 174 101 231 237 240 250 288 298 382 442 445 452 457 478 522 553 598 637 669 698 718 760 807 827 850 851 896 927 981
217 89 96 80 217 217 104 188 66 151 13 69 134 227 264 265 266 272 275 299 304 335 341 444 451 491 527 677 688 895 921
218 32 86 202 146 107 10 79 125 60 149 135 220 229 250 351 395 470 473 503 577 585 760 763 838 907
219 16 182 26 90 83 208 87 27 42 99 168 247 322 336 343 355 378 382 510 557 616 665 708 766 804 979
220 211 8 218 97 3 40 147 98 93 135 28 221 239 248 269 278 313 345 348 366 421 465 516 574 618 652 666 676 746 765 770
221 13 29 161 150 80 202 174 208 42 220 172 234 238 251 256 265 293 334 339 341 450 456 476 485 486 514 530 649 657 688 841 923
222 30 70 1 153 4 126 164 66 184 117 107 249 320 395 415 431 436 441 497 645 647 702 710 723 869
223 122 90 153 198 30 54 102 101 191 199 229 231 273 281 309 319 351 365 367 374 394 426 433 478 482 542 598 645 652 710 726 869 890 964 982
224 45 211 1 176 160 74 197 191 194 168 214 230 244 254 255 258 307 319 401 418 433 450 478 492 607 631
225 148 57 158 225 225 186 144 47 127 188 194 82 231 232 274 287 299 325 357 383 559 647 686 889 902 922 944
226 148 87 2 193 81 201 112 34 200 204 80 245 255 300 328 346 352 370 377 437 443 544 564 570 585 599 609 616 658 756 764 803
227 78 53 63 80 130 45 42 185 152 217 150 233 241 245 250 338 466 472 500 641 745 753 782
228 131 127 156 70 98 181 205 11 83 148 28 237 240 283 305 322 330 347 438 451 468 565 588 684 828 888 914
229 223 89 38 90 218 151 186 157 92 29 2 122 238 264 279 329 368 469 497 522 554 576 597 608 675 782 800 833 853 899 922 948
230 127 143 76 94 33 20 53 98 69 35 224 348 390 430 517 519 622 697 742 808 947 963
231 205 140 216 81 154 223 23 225 9 132 38 232 241 323 331 336 348 363 424 446 519 526 545 546 692 700 707 869 902 925 969
232 225 80 67 30 63 140 131 231 170 114 61 234 261 305 312 373 375 414 417 435 448 458 517 839 920 953
233 199 19 202 141 227 210 29 100 207 55 90 277 300 440 477 533 550 660 703 729 817 846 858 913
234 173 24 221 13 11 89 155 116 215 232 55 289 327 462 518 707 837
235 110 114 115 147 103 42 63 182 32 176 211 249 262 275 337 359 361 372 407 432 514 516 582 632 654 797 803 874
236 199 102 86 55 119 180 238 136 131 138 2 248 279 289 329 412 461 509 536 721 852 989
237 183 187 176 157 228 49 216 198 81 182 5 244 271 319 350 361 416 426 431 455 644 691 720 796 823 866 880 915 948
238 236 185 92 2 149 123 229 11 221 107 153 245 323 342 359 388 451 508 713 730 762 786 844
239 64 115 91 126 8 142 13 220 200 118 116 275 286 309 311 323 327 353 362 380 421 441 466 495 601 770 844 861 895 940 955
240 121 64 69 228 194 30 216 59 16 161 6 242 271 287 332 377 426 455 459 470 472 501 563 629 682 840
241 231 159 34 70 139 20 8 181 227 54 136 246 253 264 284 325 341 371 388 444 694 704 740 813 820 932 945 982 986
242 179 27 98 240 36 209 173 123 115 11 83 261 283 305 324 360 535 536 581 591 618 692 733 802 999
243 138 144 45 23 92 34 198 160 25 78 118 279 291 316 346 377 419 513 526 596 624 787 807 924 969 973
244 181 3 224 27 237 215 53 42 19 123 8 260 268 287 291 316 349 565 635 743 834 916 950 961 980 994 995
245 238 130 226 227 71 21 159 186 4 110 20 100 247 270 310 328 342 363 392 404 516 562 641 754 762 873 916
246 112 57 241 121 187 73 81 173 194 53 171 249 278 283 290 314 326 330 402 425 531 574 670 788 814 997
247 7 182 219 245 78 188 75 34 14 87 105 258 267 279 308 378 440 542 579 629 673 714 721 803 833 849 876 905
248 162 149 27 236 220 114 118 57 153 46 127 254 320 357 397 419 428 446 463 464 478 622 675 716 885 899
249 61 21 104 235 194 18 222 197 246 94 30 281 336 365 386 401 411 419 467 482 591 594 630 756 834 837 839 918 950
250 216 121 218 227 128 84 123 72 51 114 33 306 343 344 422 455 591 671 713 735 743 792 930 970 994
251 131 135 57 35 80 86 168 101 10 221 208 269 284 297 299 305 354 360 402 407 416 435 518 524 709 726 823 826 867 953
252 97 98 209 15 4 123 7 205 86 10 53 266 310 341 397 411 465 574 635 646 691 773 906 907
253 241 165 138 205 73 23 132 63 48 160 116 254 276 293 314 319 321 331 339 344 396 400 429 449 476 523 595 642 740 747 780 883 942 959
254 101 253 143 205 248 150 224 135 112 104 99 271 277 315 323 327 342 369 380 391 467 476 498 577 757 821 872 998
255 13 23 178 65 185 16 36 43 226 193 224 260 302 315 321 356 393 448 597 666 724 727 897
256 154 112 129 133 177 259 47 103 54 194 221 358 370 372 387 401 406 427 536 555 672 700 928
257 171 103 157 50 128 26 120 161 72 194 54 278 292 367 368 455 505 531 591 600 606 773 961
258 97 55 52 247 187 63 208 152 156 224 42 271 305 315 324 405 441 608 611 698 736 748 848 908
259 256 25 177 93 160 197 86 75 123 190 118 11 307 313 332 342 353 356 429 451 458 545 567 599 650 735 779 859
260 244 2 19 55 193 262 160 255 104 178 29 275 294 301 309 383 393 429 441 500 559 561 649 658 764 771 895 919 954 971
261 39 25 242 199 123 232 46 121 137 63 207 265 282 287 308 326 333 360 448 454 457 481 534 549 691 757 764 915
262 260 94 30 210 63 235 79 204 59 98 173 1 263 277 331 348 367 465 490 527 568 571 709 739 763
263 75 263 263 33 175 12 173 7 86 147 262 48 294 381 410 418 486 548 568 628 695 839 840 868 869 904 948
264 229 127 241 161 10 217 166 20 142 177 35 282 283 285 292 301 335 360 378 415 500 568 597 645 650 661 722 732 733 734 771 787 796 958 962 985
265 217 139 86 173 189 221 21 261 140 210 82 296 315 320 339 343 361 365 366 452 526 575 624 877 905 945
266 207 89 12 184 217 39 171 252 146 130 83 295 305 326 331 362 376 382 404 474 485 494 579 722 724 807 819 831 967 968 973
267 197 247 35 25 129 190 117 154 137 81 153 318 389 409 427 448 494 558 622 685 754 843 947
268 188 3 50 109 145 174 206 151 244 87 211 272 301 302 369 463 468 669 709 827 845 959
269 251 50 154 62 168 220 135 192 186 5 153 314 345 356 364 434 477 503 512 562 564 642 657 898 902 934 976
270 120 245 53 104 137 22 10 193 210 33 145 272 280 290 376 382 389 404 606 641 667 707 751 779 962 983 984
271 207 237 98 111 157 39 91 29 258 240 254 280 293 313 322 405 411 444 460 506 641 755 949
272 6 7 270 217 92 69 268 172 78 73 87 283 403 541 544 553 561 580 599 621 706
273 192 176 99 88 223 56 211 114 200 95 162 295 392 452 559 611 689 751 804 842 912 975
274 61 136 156 107 277 111 197 192 225 155 81 288 292 327 350 370 401 404 515 544 770 849 860 861
275 260 217 197 22 235 26 182 125 239 172 112 358 418 440 505 525 547 580 681 763 928
276 166 277 124 253 30 123 129 88 106 284 86 286 304 337 358 369 375 395 420 469 489 517 706 708 788 996
277 274 276 262 198 210 77 10 9 65 92 94 254 233 494 690 727 790 817 821 844 882 908 962
278 246 154 182 25 82 257 77 220 98 13 18 280 283 284 305 318 386 391 428 439 485 509 510 587 690 806 808
279 229 123 179 142 247 56 243 10 141 236 60 284 355 362 374 418 471 521 539 553 650 759 859 864 913 947
280 5 83 270 3 100 278 112 147 271 13 116 308 343 370 411 442 443 464 473 481 485 523 527 560 575 632 849
281 187 214 223 29 165 25 249 50 32 127 120 490 516 545 698 861 884 885 892 943
282 146 126 182 128 30 113 185 283 261 264 161 392 408 460 695 828
283 282 264 145 246 242 173 76 278 194 272 112 228 298 350 369 489 498 516 538 645 712 767 882
284 276 278 18 162 94 279 115 190 72 251 200 241 307 329 333 363 385 409 442 514 643 649 765 769 776 780 897
285 1 189 264 174 173 26 97 127 96 289 98 323 328 452 467 685 708 723 771 830 888
286 276 170 9 175 143 58 165 70 97 239 1 291 415 582 922 942
287 22 10 240 68 31 180 244 188 42 261 225 302 333 346 376 404 604 712 720
288 51 53 120 79 19 274 11 98 216 204 205 298 340 386 472 515 522 553 854 980
289 285 61 17 196 84 236 119 291 234 72 88 108 316 320 321 324 399 408 450 468 502 504 508 576 615 650 665 683 739 772 814 839 867 883 963 969
290 15 246 18 87 73 52 108 24 270 48 296 332 357 385 448 457 507 602 607 615 638 655 688 722 742 796 838 949
291 289 244 88 141 55 27 243 128 39 124 286 126 300 304 329 352 519 544 596 668 721 757 881 919 932 984
292 107 98 274 178 198 127 257 50 264 63 203 382 389 420 433 513 570 610 640 666 668 758 781 963
293 63 207 190 253 221 271 41 195 295 94 44 302 359 367 471 480 501 639 665 735 788 791 802 915
294 62 181 26 123 23 22 211 260 64 263 199 317 347 402 455 462 546 699 793 906
295 293 198 175 273 48 110 134 54 4 266 104 140 326 373 375 401 406 450 465 501 580 614 649 705 831 870 937 940
296 290 173 37 105 299 129 265 118 81 16 1 298 319 341 342 369 466 503 544 554 592 619 634 647 689 707 793 907
297 202 140 251 182 152 77 92 128 82 63 94 310 321 347 465 468 510 591 613 615 811 816 894
298 296 124 148 113 114 288 149 147 283 66 8 216 395 405 444 450 452 460 564 570 642 671 729 781 830 902 950
299 296 3 168 105 217 214 84 177 71 99 251 225 303 334 337 353 403 466 551 585 599 692 695 721 734 912
300 145 64 15 117 291 170 45 169 66 233 226 336 364 394 464 527 528 569 571 587 614 623 632 635 648 650 754 769 770 901
301 185 260 76 42 139 141 264 12 86 268 35 334 337 368 378 414 420 437 460 504 515 549 553 585 711 813 841 855 920
302 36 287 255 141 164 122 268 163 305 293 209 306 317 352 355 370 491 513 563 588 674 685 755 858 943 946 970
303 299 304 151 90 38 62 2 165 130 12 146 317 365 435 441 508 548 650 651 669 845 874 883 885 914 919 926 957 990
304 303 276 170 64 178 200 291 217 79 207 154 47 354 372 461 519 561 577 585 640 644 669 699 815 827
305 302 242 266 150 96 228 251 278 85 258 87 232 346 370 376 384 385 418 492 536 572 605 672 747 835 841 890 905 973
306 45 147 9 44 89 138 17 186 302 12 250 309 339 340 351 387 473 725 776 829 858 899 945
307 22 47 284 129 23 13 208 103 224 259 24 443 455 458 493 537 551 557 653 662 707 761 839 898 958
308 33 146 214 70 154 261 51 182 6 247 280 311 316 335 357 360 391 425 511 604 624 691 716 864 924
309 35 306 153 2 191 260 239 130 168 132 223 323 327 345 381 383 395 532 557 578 608 709 911
310 252 297 122 204 53 6 164 245 117 203 142 354 356 380 407 425 438 460 483 568 579 673 675 681 749 878 915
311 161 8 214 29 59 156 35 239 152 10 308 337 379 391 457 512 535 677 697 745 887 937 971
312 112 147 165 206 192 137 232 187 59 25 182 320 338 374 375 415 434 448 505 511 530 616 621 815 827 887 901 905
313 118 213 271 220 259 172 4 93 177 23 151 321 339 345 349 388 423 441 495 639 739 817 820 962
314 136 142 187 150 269 88 246 253 185 41 60 336 439 449 454 465 507 524 561 584 592 601 731 744 886
315 258 254 192 265 36 152 72 255 22 125 181 319 345 348 463 475 615 653 710 712 788 932
316 76 95 243 244 289 177 108 98 308 182 165 444 481 494 524 525 540 574 631 654 768 901
317 67 154 303 32 302 294 101 192 161 74 34 318 330 351 382 399 405 419 504 667 785 798 848 862 865 950
318 70 267 317 214 59 196 321 96 278 81 24 319 324 379 422 460 562 594 600 694 727 738 829 937 958 993
319 81 296 103 315 237 223 318 253 115 224 188 353 387 445 465 520 586 716 721 728 765
320 154 265 2 222 68 312 153 248 33 203 289 385 410 478 511 521 542 591 610 659 678 687 715 750 794 873
321 318 36 17 297 313 289 70 120 255 253 121 128 325 329 380 421 428 475 483 501 589 703 749 779 907 960 994
322 49 271 34 64 152 219 65 90 228 138 96 335 359 380 432 515 570 580 600 657 677 704 729 731 815 828 867 992
323 238 134 151 137 239 231 309 210 171 285 254 336 426 459 515 522 524 583 716 762 808 809 864 944 981
324 11 195 318 212 69 289 109 242 258 170 126 346 358 361 425 442 537 546 562 678 697 871 952
325 172 22 113 116 225 39 151 241 136 143 321 377 523 629 641
326 295 68 266 327 246 48 261 141 99 170 126 339 347 384 393 487 525 543 560 567 663 946 961
327 326 254 136 309 274 21 32 234 7 239 26 118 336 359 398 440 457 463 506 584 610 664 709 730 867 924
328 285 214 226 110 65 14 48 159 180 245 96 373 419 458 460 462 488 603 672 696 793 887
329 321 72 291 236 23 31 196 5 229 284 215 360 536 562 563 579 592 596 668 670 735 875 888 956
330 246 330 330 317 150 83 228 157 107 164 119 68 352 371 436 445 456 484 511 516 538 723 741 954 988
331 253 65 214 231 146 262 130 3 189 62 266 391 424 451 474 523 555 581 594 625 660 663 717 738 796 806 820 876 892
332 106 39 37 240 197 259 78 119 99 114 290 336 373 497 525 546 836 871
333 37 125 40 26 212 163 261 165 134 284 287 353 388 390 429 450 462 464 476 666 705 797 994
334 7 130 64 14 299 301 221 63 190 58 27 340 342 369 373 495 509 556 567 614 706 745 780 830 861 940
335 29 322 264 217 130 196 137 66 339 58 308 352 353 398 409 454 529 555 592 658 727 769 928
336 249 323 199 167 314 231 332 87 219 300 327 340 344 366 377 412 418 431 459 475 557 612 620 662 665 802
337 276 51 311 71 93 151 147 299 235 24 301 345 350 379 402 407 427 442 546 627 645 858 989
338 32 134 34 76 33 312 178 195 227 153 141 342 369 466 472 578 606 617 681 694 738 831 863 891 918 989
339 335 265 195 326 253 65 117 118 313 100 306 221 379 387 412 497 543 786 822 846 963 969
340 306 182 288 37 33 76 52 159 334 336 215 430 479 510 559 606 624 684 863
341 221 90 296 170 91 252 217 200 241 52 177 413 438 454 501 518 546 550 559 585 610 846 876 932 941 969
342 238 183 245 296 334 108 338 76 254 351 259 374 517 705 909 912 967 968
343 219 250 280 187 265 105 70 25 85 43 29 397 559 782 865 867 945 988 994
344 253 336 27 120 132 146 194 91 160 250 33 345 379 418 428 437 463 482 515 525 536 579 593 630 764 767 787 872
345 220 313 309 22 51 269 337 344 315 171 198 366 466 467 512 681 830 877
346 195 102 78 305 243 29 287 156 36 324 226 358 394 403 405 422 522 637 721 741 770 854 857 890
347 153 294 326 204 167 297 213 107 228 38 15 459 485 520 612 664 685 692
348 230 128 315 220 231 131 125 262 3 145 84 365 406 452 503 591 661 724 752 792 977 988
349 72 133 244 313 92 46 113 67 137 132 111 372 404 434 436 584 631 634 810 936
350 22 39 58 237 283 131 106 274 77 337 48 362 363 368 385 440 488 510 518 526 560 584 586 618 750 877 958
351 342 306 218 21 168 203 43 223 317 8 30 61 397 444 514 523 543 639 646 692 852 885 912 939 957
352 291 226 27 182 335 302 157 170 97 330 146 381 384 396 497 546 693 758 866 867 995
353 319 10 335 146 299 259 333 239 96 120 158 356 465 480 569 746 907
354 251 22 139 310 94 171 158 156 150 304 208 375 383 443 449 481 496 526 554 560 870 977
355 279 219 78 185 139 131 90 48 101 302 106 407 427 480 496 520 530 653 706 795 837 870 991
356 136 310 180 259 48 24 269 255 138 29 353 359 381 386 388 389 481 517 530 560 571 583 769 881 934
357 190 248 225 290 24 173 128 91 201 308 51 396 398 438 492 504 547 614 652 819 870 894 910
358 346 16 116 133 275 201 73 39 324 256 276 363 449 456 470 477 540 548 551 585 596 657 879 939 969
359 30 359 359 322 112 235 84 356 327 9 293 238 413 422 438 455 460 490 502 524 591 627 686 703 777 887 989
360 261 251 308 264 116 242 17 118 141 329 120 367 372 382 396 421 458 514 594 683 686 718 943
361 39 235 106 102 324 11 237 25 118 59 265 392 428 463 536 585 673 680 702 745 769 885
362 266 208 350 170 279 32 239 174 179 186 10 364 384 394 400 414 541 573 625 694 757 763 832 872
363 181 59 245 15 350 83 231 358 28 284 89 383 502 506 535 584 595 616 658 685 734 809
364 102 269 132 116 362 82 300 84 15 103 96 390 392 395 450 473 520 569 603 627 703 724 737 801 960 973
365 78 156 90 215 208 75 303 223 265 249 348 398 401 469 512 598 656 707 738 752 768 880
366 106 39 336 130 3 168 345 265 138 220 116 505 532 549 677 685 690 719 720 737 841 942 965 984
367 215 163 91 223 61 262 257 360 293 142 49 396 417 428 462 471 495 504 564 571 573 592 598 697 806 821 920 994
368 123 71 163 301 229 350 31 257 177 38 140 406 438 467 529 549 565 637 714 964
369 28 338 62 276 334 41 25 254 296 268 283 407 437 567 708 712 740 748 816 851 899 907 966
370 302 274 201 280 305 196 114 256 226 35 24 383 447 495 515 571 868 956
371 187 160 185 330 81 241 120 151 103 15 121 432 475 500 503 506 520 595 611 959 986
372 304 12 119 53 160 104 378 256 349 235 360 394 396 422 474 504 519 554 736 767 793 803 866 873 965 987
373 181 334 70 34 232 295 332 172 143 328 16 379 388 486 513 514 564 577 619 667 715 737 796 812 821 831 835 920 921
374 121 223 75 279 210 154 312 139 10 342 51 386 460 469 473 490 598 636 663 696 765 937 974
375 143 354 188 183 295 312 276 21 203 232 88 468 561 567 578 721 727 818 851 950 951
376 201 126 166 206 141 270 287 266 64 189 305 389 397 403 420 509 587 594 612 621 728 784 805
377 240 243 198 180 336 140 325 110 226 189 27 508 522 528 557 613 618 680 758 767 801 899 955 999
378 372 158 16 247 129 219 205 166 264 124 187 301 422 425 434 435 476 528 662 787 867
379 311 318 170 337 344 373 189 339 381 97 98 410 499 826 876 894
380 321 168 74 310 117 13 112 254 322 161 239 381 423 552 561 747 836 940
381 379 125 380 352 7 47 356 263 383 183 309 65 399 437 496 498 500 563 682 709 928 931
382 219 32 360 44 266 216 317 190 270 292 72 409 442 467 498 512 568 584 631 689 698 745 828 959
383 381 83 309 88 225 363 42 147 210 260 370 354 412 415 449 534 551 555 622 739 887 889 956 994
384 177 45 95 305 362 326 186 85 352 158 72 510 527 552 566 572 601 609 639 654 949 979
385 284 305 167 320 290 182 350 165 37 61 164 394 422 429 445 469 527 542 619 725 748 768 781 801 825 900 938 999
386 116 249 288 192 190 136 356 24 393 278 374 387 396 668 704 986 999
387 386 10 339 45 319 93 256 52 306 99 147 532 551 556 630 680 737 789 829
388 5 72 313 150 241 373 356 238 41 333 209 432 433 441 492 520 566 625 667 688 710 795 797 856 909
389 356 376 390 270 93 8 292 267 206 9 160 402 462 472 485 502 519 531 597 671 719 753 908 914 930 960
390 389 230 49 190 173 333 191 98 31 364 105 187 401 409 431 810 899 964 996
391 168 278 254 99 45 87 98 331 308 120 311 429 475 667 828
392 66 86 72 157 361 364 273 282 165 176 245 420 422 452 568 574 587 604 656 707 735 746 796 809
393 386 326 255 164 208 44 1 23 45 157 260 394 437 457 491 599 632 637 754 763 840 876
394 393 8 300 362 223 185 372 66 385 346 94 206 427 453 472 635 639 794 806 853 857 875 881 926
395 222 78 276 364 142 298 111 218 309 155 26 438 455 497 572 611 659 676 677 758 906 914
396 372 253 357 352 360 117 386 203 201 367 8 430 445 467 517 541 622 649 690 914
397 252 119 30 343 164 351 96 376 105 248 88 402 404 478 576 701 772 853
398 155 29 335 139 327 203 365 151 357 169 26 431 433 474 628 692 756 871 905
399 207 128 42 15 107 63 43 381 117 317 289 405 566 656 703 732 783 892 947
400 25 362 76 154 88 77 7 192 101 253 214 406 433 460 512 516 641 919 950
401 224 274 256 213 140 390 249 365 21 295 111 447 479 511 587 609 739 770 774 823 983 986
402 397 159 389 63 119 337 113 246 294 176 251 413 447 461 470 563 602 628 950
403 272 346 22 179 45 299 10 376 103 65 164 407 491 529 637 638 664 699 700 784 813 849 997
404 270 51 397 287 274 85 349 103 108 266 245 442 477 538 554 573 756 759 767 894 903 931 978 982 986
405 346 258 317 65 14 128 81 298 5 399 271 409 414 487 496 511 592 640 667 728 759 771 833 928
406 42 120 94 295 256 13 368 191 400 348 57 417 541 563 652 862 901 906
407 235 251 175 403 337 355 61 369 113 310 98 455 480 511 534 543 588 708 761 794 798 857 989
408 79 5 198 153 410 205 282 112 17 163 289 412 436 453 477 496 562 564 577 620 640 763 766 789 803
409 382 335 284 151 50 141 134 70 405 267 390 415 426 494 521 586 593 661 805 875
410 408 263 63 139 200 379 47 14 320 132 152 68 421 472 480 565 662 768 906 969
411 271 199 280 40 249 101 252 169 163 36 414 440 442 492 544 547 608 697 743
412 105 95 121 236 13 336 408 383 136 203 339 545 554 567 608 617 719 819 965
413 341 20 78 53 160 152 191 47 402 144 359 415 446 454 461 556 640 742 755 781 783 818 882 885
414 411 190 301 115 89 232 405 95 145 79 165 362 523 647 648 670 716 719 753 766 816 884 897 913 961
415 409 209 312 413 152 264 77 286 222 383 214 480 490 517 655 840 849
416 149 237 32 56 13 10 251 422 74 130 11 442 474 487 514 558 633 639 662 682 773 776 876 948 994
417 191 210 111 198 45 91 232 163 367 406 71 440 451 456 529 640 674 705 720 752 852 954
418 336 36 80 275 172 344 305 224 279 59 263 480 481 488 531 533 545 605 610 620 651 856 865 869 887 933 945 978
419 248 161 45 154 243 106 20 78 249 317 328 424 434 540 550 565 581 676 681 737 823 903
420 69 301 376 87 68 194 292 276 15 190 392 462 489 569 746 827 893
421 18 70 321 153 410 239 1 104 213 360 220 425 475 490 502 540 546 604 651 698 713 741 844 922 931 975
422 416 392 378 250 346 89 372 182 202 359 318 385 423 500 568 622 630 660 663 672 747 822 831 869 875 978
423 126 148 205 105 380 194 111 422 214 313 196 426 521 646 648 725 734
424 331 419 84 72 139 231 181 56 177 425 186 534 572 603 678 893 960
425 424 308 378 310 52 183 50 246 36 421 180 324 464 483 492 493 577 617 690 806 980
426 223 409 240 132 423 134 123 191 323 237 187 453 486 490 593 601 624 644 701 715 735 811 822 842 862 964 966
427 394 337 355 67 74 19 25 209 267 119 256 446 607 625 653
428 361 248 184 66 344 321 434 367 63 60 278 479 552 597 751 779 799 807 983
429 259 385 333 391 111 253 40 123 260 169 121 432 443 447 513 533 613 700 765 860 866 966 986
430 340 396 230 123 58 159 25 165 74 168 200 433 470 486 500 547 560 640 779 818 978
431 75 336 202 214 398 237 390 146 62 23 222 461 684 787 863 897 991
432 108 388 104 371 131 235 429 199 4 322 12 462 468 478 486 504 518 521 593 641 665 945 973 990
433 388 400 224 223 191 132 292 430 37 398 89 461 530 590 664 799 932 997
434 428 160 349 42 312 74 378 419 214 64 194 269 461 468 487 538 546 554 680 783 789 795 861 864
435 251 378 303 187 93 126 69 32 42 26 232 456 468 553 573 601 701 788 789 813 926
436 222 78 3 197 156 349 203 330 57 408 124 469 502 564 643 656 684 825 848 930
437 301 88 381 121 182 226 393 344 131 369 75 440 493 604 621 623 644 684 803 830 887
438 368 357 56 228 341 104 310 82 359 395 9 548 578 587 591 626 647 687 723
439 278 66 117 314 212 161 210 86 200 135 107 528 555 656 693 711 936 967
440 417 275 133 350 411 327 233 48 247 11 437 496 523 556 625 797 831 886 927 976
441 151 196 258 222 388 202 313 260 303 118 239 448 495 508 621 667 753 788 846 865 884
442 216 187 411 284 382 404 337 280 324 450 416 444 466 483 489 588 720 729 811 820 870 926
443 122 37 73 280 160 307 27 226 429 354 127 571 589 606 619 833 850
444 351 316 201 186 442 271 217 298 139 241 452 453 471 494 527 533 535 537 605 617 636 651 707 756 803 815 922 965 967
445 78 38 102 11 396 189 385 118 330 216 319 449 456 495 679 740 749 785
446 4 47 183 82 231 36 413 74 248 427 83 494 535 544 582 672 675 690 703 710 741 748 896 976
447 402 370 111 53 67 80 429 136 9 58 401 493 506 562 655 878 913 990
448 130 195 290 232 255 261 312 267 441 209 146 467 683 813 855
449 165 383 26 57 253 445 53 354 314 82 358 479 498 521 643 665 731 733 760 924 943 966
450 442 15 295 289 1 224 67 364 333 298 221 45 537 647 651 658 662 775 778 849
451 259 152 7 417 212 217 98 331 228 15 238 474 494 584 682 758 777 824 835
452 444 46 119 273 348 40 265 216 285 155 392 298 493 589 638 650 860 906
453 148 63 202 408 444 42 110 394 211 161 426 543 635 636 683 711 842 845 895
454 413 112 149 80 314 42 41 158 335 261 341 497 523 532 631 858 917 999
455 395 148 162 237 307 294 240 359 407 257 250 590 613 669 694 757 844
456 113 417 445 37 435 121 330 221 177 358 145 506 524 579 680 691 692 698 711 842 856 895 907 972
457 261 97 112 169 327 311 216 290 126 393 153 462 499 529 535 704 739 749 828 904 998
458 29 360 307 207 232 173 193 259 131 47 328 547 835 923 963 980 983
459 176 174 40 462 8 1 79 323 347 336 240 485 602 777 788 814
460 400 374 301 318 271 298 328 34 310 359 282 464 479 507 600 605 670 702 751 778 799 820
461 304 36 64 434 236 433 402 431 413 76 22 507 553 559 569 583 590 620 653 784 826 921 936 949
462 459 163 234 389 420 464 432 457 328 294 367 333 467 468 496 519 528 529 551 612 666 755 811 835 856
463 16 116 268 133 344 327 15 361 248 465 315 499 583 604 611 629 652 718 726 733 813 854 974
464 462 146 139 122 333 425 248 460 124 280 129 300 491 517 610 726 755 812 882
465 463 314 132 262 252 220 297 319 353 49 295 126 467 511 538 565 614 633 764 796 895 952
466 54 227 164 299 442 338 296 469 66 239 345 482 533 582 675 703 763 852 901
467 249 396 368 382 45 345 465 285 462 448 254 554 588 592 626 640 868 910 979
468 289 297 375 432 228 268 434 462 83 49 435 471 626 736 746 811 821 925 990
469 466 385 99 229 276 374 436 45 52 5 365 130 487 583 702 737 740 774 828 852 965
470 81 120 240 218 148 430 132 358 213 402 71 475 559 778 780 795 858 875 923
471 201 135 52 169 293 96 468 444 97 367 279 482 587 623 692 693 723 760 764 788 958 975
472 389 394 135 338 410 128 288 52 227 60 240 498 541 570 801 819
473 306 9 148 280 114 121 364 55 170 218 374 483 543 567 586 599 602 672 762 871
474 451 138 331 63 398 266 416 62 28 372 123 529 597 832 843 860 976
475 470 391 315 125 321 37 336 56 421 106 371 573 762 879 902 903 944
476 333 163 155 221 205 254 378 135 73 179 253 478 583 598 617 682 748 923
477 404 358 269 123 44 186 175 408 214 233 1 507 520 583 602 642 682 738 758 842
478 224 320 476 66 216 248 397 432 130 223 479 599 606 614 640 657 671 775 782 866 898 923
479 478 96 20 481 449 159 460 340 17 110 401 428 502 610 656 660 665 680 706 733 822 823 830 884 931 984 995
480 418 407 120 355 41 293 51 353 415 410 45 489 570 951
481 479 418 316 354 34 261 152 98 202 356 17 280 503 663 673 728 765
482 249 223 466 471 14 107 78 95 122 208 344 491 506 526 543 554 560 567 625 701 727 810 817 918
483 46 321 88 310 485 425 473 162 43 49 442 497 533 579 593 717 778 787 841 874
484 95 123 168 162 96 53 180 330 17 137 196 502 561 595 663 746
485 483 278 145 280 190 156 347 389 221 459 31 266 588 600 631 708 722 832
486 139 158 59 486 486 432 263 201 430 426 373 221 489 521 537 550 702 722 781 810 950
487 469 39 120 326 106 184 434 405 193 416 166 524 549 573 623 692 715 786 800 848 874 936
488 105 418 142 328 176 122 156 350 103 138 128 491 539 550 572 686 700 804 848 904 924 928 973
489 420 276 480 192 442 215 122 34 486 283 94 506 560 637 644 660 673 678 755 782 919
490 426 36 415 281 421 359 374 137 214 192 262 501 525 557 695 738 750
491 32 403 302 482 393 464 156 79 21 488 217 736 778 782 845 888
492 388 305 411 51 98 425 90 18 357 135 224 586 700 832 913
493 34 452 447 175 307 79 135 425 5 437 96 498 544 547 581 583 652 774 815 841 859 913 919
494 277 316 409 182 446 267 266 77 444 94 451 556 611 713 730 911
495 441 370 367 334 162 313 159 239 90 445 499 549 635 763 831 981
496 408 440 462 15 172 169 405 381 63 354 355 516 518 593 688 696 742 831 835 879 989
497 12 229 116 395 483 332 222 339 352 14 454 500 517 548 619 653 678 714 730 744 890
498 198 168 139 449 382 254 283 47 493 381 472 510 563 629 665 708 720 767 916 992
499 495 379 457 128 195 143 10 463 45 27 41 94 551 562 575 621 700 729 731 872 911 976
500 185 227 264 497 208 422 381 371 260 430 196 503 519 541 556 652 662 705 765 768 954
501 19 293 341 321 142 209 240 208 295 490 3 519 549 807 921 966
502 421 140 119 363 359 436 389 289 89 479 484 659 707 735 896
503 8 348 371 269 481 137 296 218 189 28 500 589 627 757 843 938 941
504 367 301 432 372 65 289 18 357 159 130 317 562 809 850 923
505 275 170 257 44 312 191 172 165 183 79 366 509 517 551 603 630 701 900
506 271 152 489 327 5 118 447 363 482 456 371 579 888
507 290 314 198 145 131 461 193 477 11 460 25 513 588 599 712 736 827
508 21 108 151 289 441 303 377 131 145 238 120 513 629 641 657 672 692 726 756 836 887 940 942 948 957
509 63 278 334 137 197 376 215 164 236 34 505 512 627 764 824 842 937 955
510 340 297 104 350 66 278 219 498 13 384 86 525 532 589 633 653 732 737 753 775
511 118 401 330 320 405 312 407 193 94 308 465 536 566 605 610 824 861 939 983
512 124 345 509 382 78 311 269 148 19 400 365 514 560 571 579 699 760 801 821
513 243 507 189 508 82 429 302 292 73 373 119 539 542 576 585 589 608 613 867 887 888 933 949
514 235 221 351 284 512 100 519 360 416 186 373 603 634 793 825 956
515 167 22 344 301 370 288 110 323 179 322 274 582 595 598 707 776 792 819 820 838 974
516 496 58 281 400 220 283 235 245 9 14 330 533 657 660 674 699 789 845 892 936
517 396 497 232 505 415 356 276 230 342 159 464 531 630 695 706 723 728 734 764 768 979
518 432 496 16 137 183 122 341 350 34 251 234 527 594 601 659 701
519 514 462 291 21 500 6 231 501 230 372 304 389 566 583 598 626 642 654 685 697 927 929 979
520 388 371 347 196 355 477 179 319 364 117 213 605 625 691 810 858 874
521 432 181 73 14 409 172 320 449 279 486 423 581 612 623 752 800 812 830
522 207 346 45 377 57 288 323 25 216 229 526 551 647 703 706 753 916
523 454 71 60 325 280 440 253 142 331 351 414 607 812
524 251 359 487 115 456 185 314 316 68 39 323 535 605 616 766 804 836
525 122 88 275 510 316 332 490 527 3 344 326 612 620 635 698 719 733 749 941 965
526 522 350 5 265 243 482 231 183 34 195 186 354 565 575 605 618 725 796
527 525 444 384 148 385 105 300 262 518 217 280 81 570 594 612 619 641 826 898
528 71 377 111 439 378 101 187 94 300 86 462 558 581 645 669 825 846 892 899
529 59 108 462 403 153 457 368 474 335 417 529 529 806 869 972
530 433 312 356 121 193 23 44 355 74 221 94 535 537 540 660 675 698 753 940 981
531 517 44 246 175 108 389 74 257 418 77 205 598 621 658 663 896
532 309 193 510 207 103 387 454 33 366 3 23 553 595 597 608 637 679 686 711 747 836 847 909
533 233 429 107 418 129 466 444 184 516 67 483 841 947
534 43 121 27 156 261 46 180 383 4 407 424 742 779
535 457 242 108 40 363 524 446 530 444 311 7 545 567 724 779 808 983
536 2 159 511 344 361 256 242 236 305 329 170 550 654 679 726 731 802 821 883 929 937 977
537 307 324 92 148 444 486 530 450 58 172 198 555 607 631 659
538 283 155 404 154 434 541 41 209 130 465 330 576 582 600 626 633 638 643 690 754 791 881 995
539 203 3 45 488 279 132 513 201 49 77 114 564 604 655 792 840 971
540 112 421 358 193 419 25 157 316 109 93 530 613 627 766 798
541 538 272 362 500 37 55 406 68 472 12 396 93 552 569 575 823
542 204 68 20 223 320 78 189 513 247 385 165 618 621 646 685 708 782
543 16 339 482 196 122 407 473 326 148 351 453 545 649 671 679 693 805 821 957 984
544 158 446 274 291 272 11 226 296 493 176 411 570 586 606 625 678 694 725 745 786 820 955 956 982
545 231 412 281 535 181 259 117 418 39 6 543 571 591 600 636 677 706 807
546 341 421 332 63 231 324 352 294 337 158 434 604 644 655 678 686 723 735 850 855 968
547 275 34 493 10 357 430 458 165 411 121 139 566 711 724 751 822 910 982 999
548 176 147 497 438 82 112 58 140 263 358 303 558 621 759 775 816 991
549 501 366 261 495 36 69 368 200 487 124 301 551 644 768 794 811 858
550 233 536 341 419 28 78 486 86 198 488 190 570 636 771 785 797 889 949
551 387 522 462 299 383 549 499 505 358 307 115 647 650 793 932 966
552 205 380 155 7 80 91 384 210 428 541 83 557 602 628 677 696 787 791 860 973
553 301 532 216 288 279 435 48 101 21 272 461 573 587 769 816 825
554 404 434 354 372 482 44 153 229 467 412 296 651 723 788 988
555 61 335 439 4 331 202 256 172 383 537 105 690 696 795 866 901 936
556 112 440 494 334 413 202 127 133 387 500 157 581 599 666 699 722 745 748 772 800 884 887 930
557 336 307 377 219 490 180 201 130 552 309 35 739 839 848 953
558 79 131 267 155 528 184 62 1 548 202 416 603 607 724 751 768 819 891 948
559 109 341 470 178 340 343 260 27 225 273 461 671 674 693 864
560 354 191 430 280 18 489 512 356 326 350 482 593 685 849 939
561 112 380 107 2 314 260 272 375 484 304 570 571 611 633 714 726 751 777 934
562 499 148 245 329 504 447 269 12 324 318 408 926
563 139 186 329 102 94 406 381 498 240 302 402 649 812 818 851 900
564 539 367 436 373 408 151 49 298 269 226 100 612 659 773 825
565 213 410 419 368 244 228 204 127 102 526 465 576 626 653 674 765 852 957
566 384 174 388 511 173 519 172 94 547 175 399 630 664 681 730 874 904 912
567 193 412 369 482 473 375 326 41 259 535 334 591 624 665 688 727 959 985
568 422 392 263 310 84 173 382 264 568 568 262 145 666 671 678 680 724 745 808 809 823 854 958
569 117 26 364 59 461 300 420 353 541 178 77 623 697 707 717 728 932 952
570 561 292 298 226 13 544 480 550 527 111 472 322 608 676 686 840 889
571 300 370 367 512 262 356 443 207 561 160 545 596 612 724 796 894 979 990
572 176 198 395 424 78 488 305 189 30 384 194 603 627 666 679 774 828 829 972
573 487 177 367 435 107 404 22 362 475 56 553 662 668 728 781 847 921 947
574 246 25 52 392 197 179 252 316 220 124 203 582 921 985
575 55 541 6 499 579 526 280 122 68 94 265 605 634 758 790 837 910 938 955
576 31 397 39 145 213 42 289 538 229 565 513 596 635 641 646 891 958
577 174 47 141 373 254 425 408 218 36 304 214 680 695 850 873
578 166 438 154 338 131 159 108 73 149 309 375 627 667 678 718 762 771 786 876 886
579 575 329 266 344 483 506 247 56 456 310 22 512 590 603 643 670 872
580 89 272 134 322 60 82 275 295 581 29 63 585 687 706
581 580 242 528 521 419 493 556 99 138 153 39 331 699 825 988
582 574 163 286 446 466 124 515 235 199 86 538 653 676 704 713 738 834 924
583 463 469 204 477 323 356 96 493 476 461 519 661 908 918 977 982
584 28 109 129 314 327 350 451 363 382 349 209 634 644 826 994
585 226 218 301 299 304 341 580 358 513 212 361 616 640 680 693 802 805 852 880
586 122 136 544 87 350 319 473 409 21 108 492 645 649 685
587 196 471 376 392 278 592 553 401 300 153 438 651 656 912 984
588 228 467 507 168 154 302 407 98 485 125 442 624 638 828 897 996
589 4 124 503 510 321 29 56 452 45 443 513 632 636 761 798 799 809 820 852 885 987
590 89 71 180 176 57 178 433 461 579 455 98 603 633 678 765 870 871 881 904 941
591 257 359 348 242 250 438 545 567 320 249 297 634 637 662 773 787 817 904 924 951
592 587 314 296 335 405 120 467 194 174 134 367 329 619 638 672 687 791 837 930 973 987
593 496 560 483 166 409 95 426 432 180 188 344 711 732 792 843 930 974
594 249 30 360 376 84 83 518 331 527 597 318 645 671 731 764 775 809 875 949
595 515 200 371 63 484 81 55 363 532 253 59 626 664 834 970
596 358 576 74 291 64 156 243 3 190 571 329 629 651 681 691 793 856 859 903 927
597 594 157 229 196 532 255 428 191 264 474 389 53 740 784 794 860 888
598 476 531 365 223 367 89 515 152 374 216 519 601 747 770 844 920 951
599 299 473 507 478 120 393 226 28 272 259 556 761 847
600 33 208 322 318 213 538 485 257 460 203 545 683 832
601 518 426 157 384 314 182 239 598 435 90 140 636 689 798 828 837 890
602 473 552 69 477 48 16 186 402 123 459 290 613 752 800 879 911 925
603 514 328 505 122 572 364 590 424 558 69 579 679 699 747 859 892
604 287 192 421 539 546 463 392 308 81 437 99 628 689 715 841 862 954
605 170 460 524 305 575 164 418 520 526 444 511 617 681 772
606 25 443 104 270 544 340 1 338 478 257 196 633 695 722 744 790 792
607 537 60 112 224 558 290 42 427 184 523 69 622 633 647 755 773 800 805 843
608 570 258 124 411 412 229 4 532 151 513 309 669 811 822 824 863 932 974
609 384 136 401 179 191 31 137 100 226 202 10 623 638 640 665 798
610 292 464 327 341 105 320 418 176 479 511 129 736 742 815 854 897
611 561 49 395 494 113 205 258 463 273 60 371 978 982
612 527 143 462 564 347 71 376 571 336 521 525 719 730 797 813 886 943 992
613 602 297 377 455 513 57 429 127 176 540 69 647 741 761 799 958
614 215 120 165 357 465 47 334 300 24 478 295 648 774 913 933
615 4 80 157 297 192 170 289 141 290 98 315 739 815 817
616 585 197 105 16 524 219 67 226 312 363 133 634 670 929
617 98 605 476 338 163 118 47 425 412 114 444 645 708 721
618 350 526 136 220 377 22 193 166 170 242 542 851 934 965 985 990 996
619 592 296 527 10 41 443 55 373 26 497 385 639 684 704 726 819
620 111 119 525 100 461 418 336 179 109 408 210 790 856 896 967
621 312 28 499 272 441 209 437 542 548 531 376 675 785 790 974
622 248 267 607 230 214 85 396 46 92 422 383 649 776 839
623 27 83 521 437 471 300 569 165 487 609 140 655 696 713 744 845 897 972
624 567 588 243 426 265 196 308 135 122 148 340 680 747 757 842
625 427 388 84 482 520 362 17 331 164 544 440 696 851 992
626 519 595 538 35 96 438 44 84 467 565 468 853 883 929
627 509 88 359 108 337 540 139 364 572 578 503 644 669 778 814 897
628 35 398 402 552 263 604 212 149 197 113 211 911 924 973
629 325 508 498 463 240 596 208 109 151 126 247 654 718 720 963
630 152 193 387 187 344 505 517 422 566 249 179 637 696 710 717 862 919 936
631 52 485 454 537 224 316 349 159 85 10 382 776 826 933 946
632 280 161 189 235 106 393 164 300 100 589 175 646 700 725 780 854
633 510 590 607 538 44 416 56 465 9 606 561 779 805 883 938
634 296 575 349 514 81 122 616 591 135 86 584 753 800
635 300 244 252 124 495 525 453 72 176 576 394 644 677 691 718 719 723 764 800 812 854
636 601 589 76 77 96 550 545 453 206 444 374 766
637 489 35 216 591 403 368 630 142 532 346 393 661 688 739
638 204 164 33 290 403 452 609 592 538 588 84 692 785 885 951
639 384 416 82 619 394 313 89 83 351 53 293 769 802 890
640 417 585 292 609 413 467 430 405 478 408 304 781 807 818 917
641 432 325 576 527 508 245 136 270 271 400 227 683 737 754 785 808 852
642 54 7 35 16 253 204 477 298 269 519 131 705 730 784 834 881 893 956
643 32 134 182 449 579 213 436 284 538 123 103 684 695 998
644 546 437 627 549 584 489 61 304 635 237 426 664 744 750 857 885
645 283 617 586 88 264 179 337 223 528 594 222 698 760 794 854 991
646 351 189 632 542 107 423 252 68 576 126 650 696 715 781 819 917 992 999
647 522 414 551 222 130 607 225 450 438 296 613 773 852 901 953
648 300 414 93 174 423 80 76 98 614 102 114 661 706 718 792 813 900 936 997
649 221 586 563 284 543 295 622 260 164 199 396 798 829 935
650 646 169 289 201 551 279 300 136 259 452 264 303 655 693 898
651 83 181 303 421 418 596 587 15 444 450 554 765 882 909
652 82 500 220 55 463 185 223 406 357 12 493 726
653 510 427 307 461 355 565 197 582 29 497 315 676 800 807
654 536 384 316 79 150 629 134 235 519 15 113 665 689 729 734 760 793 876 917 948 956 978
655 655 655 539 650 145 173 623 447 123 546 415 290 691 876 932
656 67 365 439 197 392 436 92 587 399 52 479 709 718 740 746 769 879 987
657 358 508 322 269 125 478 182 159 221 47 516 659 697 752 759 783 910
658 531 51 1 129 59 450 335 260 9 363 226 671 679 832 905
659 564 320 537 518 21 5 203 149 657 502 395 818 862
660 489 530 122 233 331 516 68 78 126 422 479 694 716 717 738 752 792 870 892
661 648 65 348 264 165 637 119 409 172 140 583 814 853 896 953 961
662 179 500 378 591 21 573 416 307 450 336 410 687 797 993
663 422 326 374 481 111 8 331 484 531 213 157 795 972
664 566 122 80 347 433 644 595 327 29 162 403 666 747 827 871 878
665 479 432 567 449 654 289 609 336 293 219 498 700 954
666 664 572 14 17 568 333 556 292 462 255 220 746 889 928 934
667 391 270 204 388 373 441 317 38 578 405 42 773 818 853 879 900 974
668 201 291 386 669 292 72 573 7 207 329 93 673 716 748 768 793 893 917 984
669 668 528 135 216 455 304 627 608 114 268 169 303 689 875 938 959
670 414 579 80 45 329 162 246 460 156 47 616 751 769 781 815 882
671 87 389 568 658 594 478 543 250 36 298 559 679 691 710 717 741 780 786 838 896
672 157 508 155 422 592 328 305 473 446 256 136 711 803 805 875 882 947
673 84 310 489 44 171 361 247 88 668 481 33 850 865 888 927 988
674 417 302 87 197 565 104 181 516 78 559 679 726 802 935
675 88 107 621 310 248 1 466 229 65 530 446 783 912 985 998
676 582 395 419 220 153 192 117 209 653 570 84 731 783 931 951
677 545 100 217 171 366 552 395 322 311 635 117 697 740 820 843 884
678 544 489 497 546 568 320 74 424 324 578 590 849 954
679 674 192 603 185 572 658 671 532 543 445 97 536
680 434 361 387 211 377 577 585 568 624 479 456 722 725 776 879
681 44 345 605 566 419 596 310 2 275 7 338 748 763 908 926 944 950 978
682 381 416 52 72 476 477 240 3 197 60 451 714 803 871 886 920 980
683 37 289 448 85 453 65 600 157 360 24 641 709 737 740 767 814 839 878 895 908 918 982
684 228 437 643 431 619 142 118 340 436 41 49 690 790 856 938 970
685 285 302 560 519 347 267 542 363 586 366 76 687 762 838 841 960 971
686 193 359 532 12 78 546 488 225 79 360 570 727 750 810 811 826 897
687 112 580 55 99 685 52 196 320 438 592 662 714 911 941 959
688 161 388 637 217 496 221 82 290 164 28 567 720 808 824 899
689 654 57 382 669 95 604 296 601 273 80 71 736 824 912
690 44 142 555 277 446 366 396 684 278 538 425 784 898
691 193 308 520 671 655 237 635 596 252 456 261 953
692 231 638 456 398 347 508 242 487 299 351 471 704 783 916
693 439 22 352 585 138 86 559 650 61 471 543 701 722 897
694 544 124 455 241 146 79 362 318 338 660 142 715 730 761 921
695 643 490 263 606 517 193 78 138 299 282 577 701 714 791 863
696 625 496 552 328 374 146 646 630 555 623 42 737 957
697 367 519 119 76 230 569 677 411 311 324 657 771 794 851 971
698 382 7 530 281 258 156 421 456 216 645 525 702 730 766 892 925
699 294 556 56 603 516 64 304 403 512 707 581 733 818 864 878 976 996
700 195 632 429 231 492 499 665 488 403 44 256 730 744
701 114 104 695 482 397 693 120 426 505 435 518 725 740 846 907 935
702 67 46 222 211 469 40 460 698 21 486 361 728 750 774 916 955
703 78 466 321 233 34 147 399 359 522 364 446 709 855 868
704 692 37 386 619 91 241 582 137 457 322 102 814 817 829 832 929 935
705 99 342 295 500 36 417 140 333 94 642 138 769 778 874 939
706 276 355 479 70 580 522 648 334 545 272 517 891 990
707 699 296 365 569 231 444 234 307 270 515 502 392 721 884
708 407 369 498 617 285 276 3 180 219 542 485 759 771 799 892 977
709 192 381 159 656 703 268 683 327 309 262 251 717 749 968
710 671 168 111 222 198 15 223 388 630 315 446 728 732 810 849 924 934
711 103 158 453 21 532 301 439 547 672 593 456 899 917
712 287 315 369 207 193 66 112 283 154 104 507 716 725 881 904 938 941
713 180 37 582 36 494 48 623 238 250 421 108 720 857 893 900
714 154 118 497 368 695 177 687 561 137 682 247 877 916
715 694 149 320 125 373 487 604 92 426 646 140 754 823 880
716 143 323 120 308 712 414 668 660 248 319 30 749 767 804 834 876 925 961
717 671 569 630 660 206 709 182 331 483 52 160
718 635 463 656 578 648 158 629 360 216 66 91 720 795 823
719 198 13 156 389 412 612 414 635 366 118 525 776 796 805 938 969
720 366 718 237 688 287 498 417 207 713 442 629 735 955 970
721 299 236 375 291 707 247 346 319 617 30 65 784 810 896
722 36 266 680 290 485 606 264 486 13 556 693 786 848 883 906 926
723 546 166 517 438 554 635 83 285 330 471 222 836 864 972
724 187 547 348 255 558 266 568 535 364 571 193 733 754 790 822 838
725 680 166 385 306 199 423 526 712 632 701 544 972
726 652 619 674 251 463 80 464 223 508 561 536 743 838 971 995
727 482 375 318 255 66 213 277 335 70 686 567 732 757 908
728 569 573 376 1 481 517 710 702 54 319 405 729 745 766 768 881 925 929
729 728 298 192 201 322 499 442 181 117 233 654 959
730 497 642 694 494 327 238 700 698 65 566 612 939
731 499 536 194 676 322 449 138 594 95 28 314 991
732 593 40 29 264 152 510 93 710 727 56 399 739 811 834 930
733 724 449 242 125 61 699 264 463 479 168 525 854 922 987
734 363 517 57 299 85 264 654 171 214 423 169 941 943 957
735 426 392 502 293 720 91 259 546 329 250 26 922 954 983
736 610 491 65 689 89 468 17 170 507 372 258 770 835 857 873 991
737 111 373 366 696 683 469 387 419 510 641 364 752 962
738 318 660 490 365 477 147 190 331 15 338 582 747 799 851 935 997
739 457 637 557 732 313 57 383 262 615 401 289 804 834 844
740 677 597 469 140 369 241 445 683 701 253 656 741 847 870 901 972
741 65 446 105 186 740 745 421 346 330 613 671 891 944
742 413 290 496 230 130 194 172 534 610 72 204 811 833 878 966
743 95 411 744 726 59 147 18 250 158 192 244 779 845 935
744 743 644 606 314 497 700 125 623 147 86 140 79 759 826 995 998
745 741 568 334 728 382 556 544 311 361 111 227 75 878
746 656 40 220 484 468 392 353 81 666 126 420 748 904
747 422 603 738 624 664 532 21 253 598 380 305 941
748 556 258 746 446 205 369 385 476 668 681 188 798 812 840
749 33 321 25 310 130 716 457 210 709 525 445 758
750 320 702 644 182 138 208 5 686 490 350 140 870 935
751 547 460 184 16 561 273 116 428 558 670 270 831 933
752 737 348 657 365 417 207 120 602 660 64 521 776 868 921
753 441 389 227 530 510 754 634 522 16 169 414 774 891 939 955
754 753 538 641 156 393 105 300 724 245 715 209 267 791 836 877 930
755 464 177 489 607 117 413 122 271 302 102 462 870 883 904
756 157 444 20 226 128 249 398 75 9 404 508 759 833 908 937 964
757 111 455 503 362 624 149 727 254 261 291 121 769 823 835 860 898
758 205 477 575 395 451 292 377 79 749 44 352
759 756 405 178 192 657 548 404 62 279 744 708 770 799 860 861 970
760 216 449 645 654 512 60 160 134 218 59 471 773 784 867 900 976
761 694 599 407 307 196 38 589 8 68 183 613 832 992
762 88 323 475 82 238 578 245 473 120 44 685 809 860 862 884 903
763 262 362 155 393 218 275 466 408 75 495 681 778 822 873 923
764 517 226 260 471 144 509 635 344 594 261 465 787 816 927
765 590 56 374 500 220 481 565 319 284 429 651 801 862 877
766 698 728 540 414 219 83 184 636 408 524 90 865 969 976
767 404 3 498 377 283 188 372 716 683 134 344 775 986
768 728 365 24 668 316 549 410 558 500 517 385 791 901 932 960
769 705 757 300 553 361 656 356 335 670 284 639 825 853 942
770 346 60 220 736 759 274 159 239 300 401 598 894
771 285 550 708 147 264 405 697 84 260 164 578 780 845 889 904 911 923
772 25 207 397 96 91 605 112 199 556 196 289 785 850
773 647 416 591 564 257 667 207 8 760 252 607 881
774 180 183 572 4 702 469 753 64 614 401 493 797 911
775 478 594 29 194 42 125 85 510 450 548 767 789 808 919 948 990
776 284 89 622 306 719 680 515 631 777 752 416 796 798 834 846 886
777 776 75 129 87 34 451 459 103 212 2 359 561 789 875 932
778 483 491 3 76 72 450 470 627 460 763 705 915
779 259 270 534 428 743 633 321 535 32 430 96 943 975
780 334 80 284 104 470 253 771 671 31 157 632 783 801 866 871 980 981
781 385 135 413 640 670 573 48 298 646 292 486 855 856 991
782 229 17 491 542 93 181 478 2 227 489 343 817 903 956
783 413 657 10 675 780 164 692 434 399 187 676 793 811 828 829
784 690 760 721 461 213 403 597 145 56 642 376 787 790
785 621 157 85 550 317 445 111 772 638 641 75 917 986
786 238 578 671 115 96 487 139 722 339 544 157 805 812 910 960 975
787 75 243 378 764 431 591 784 264 483 344 552 905 920
788 293 276 554 156 441 246 205 471 435 459 315
789 387 408 775 434 516 214 777 435 121 84 78
790 621 154 277 620 606 684 784 31 575 203 724
791 754 592 206 552 538 792 184 9 695 293 768 850
792 791 593 539 195 648 3 348 28 606 660 515 250 835
793 654 328 372 294 551 668 596 296 514 142 783 801 809 894 928 985
794 190 142 93 549 697 597 407 394 645 320 144
795 172 176 37 109 718 555 434 388 355 663 470
796 331 571 264 392 719 526 776 237 290 465 373 799 818 842 843 850
797 662 388 550 235 22 440 612 333 109 774 50 837 847 998
798 748 211 776 589 317 799 407 609 601 540 649 886 955
799 798 428 589 460 27 738 759 433 30 613 796 708 889 966 998
800 635 229 147 653 607 634 194 521 602 556 487 914 985
801 780 765 173 210 377 385 472 512 364 192 793 915 933 953 963
802 24 293 242 28 536 336 50 639 23 674 585 816 871 907 921 977
803 437 444 2 247 68 408 226 372 682 235 672 902 933 956
804 91 273 198 488 739 219 716 811 156 524 179
805 409 607 672 85 543 1 786 719 585 376 633 832 836 977
806 367 278 394 331 68 79 117 425 187 60 529 808 810 898 921 964 977
807 192 640 91 243 266 144 545 428 216 501 653 815 833 896
808 230 78 535 775 688 323 568 641 79 278 806 859
809 504 323 762 589 793 22 568 594 363 95 392 909 953
810 70 710 390 349 806 486 686 182 482 721 520 865 895 943 992
811 804 608 783 549 742 297 462 442 426 686 732 468 838 879 966 967
812 521 40 61 563 464 635 204 748 786 523 373 863 886 906
813 648 301 96 448 612 155 241 168 403 463 435 863 878
814 187 459 215 95 661 289 29 246 683 704 627 838 900
815 670 322 493 615 56 171 610 807 304 444 312 864
816 183 553 369 169 196 414 28 802 297 548 764 875 915
817 482 615 233 55 782 591 313 177 704 34 277 868 925 926 941
818 640 563 413 430 699 55 375 659 667 796 21 857 865 913 947
819 619 646 558 207 357 170 472 412 515 266 182 973
820 313 96 544 241 442 147 589 515 460 677 331 909 974
821 373 187 536 175 367 277 254 543 468 129 512
822 724 479 422 339 104 130 763 161 608 426 547 836
823 148 401 251 715 419 718 237 541 479 568 757 845
824 451 689 511 688 509 179 77 608 29 28 136 909
825 528 514 94 769 553 581 159 436 564 33 385 903 944
826 584 379 527 150 744 631 251 461 686 109 165 877 960
827 420 10 31 152 268 216 507 312 304 664 121 910
828 391 382 457 322 282 588 601 572 469 783 228 847 851 938 993
829 387 704 118 306 318 67 649 572 7 783 63 842 847
830 34 334 345 298 214 49 116 437 285 521 479 866
831 266 422 338 20 495 40 440 496 295 373 751 985
832 761 492 658 362 8 485 51 474 704 600 805 892 982
833 172 37 742 229 405 48 807 247 49 756 443 895 977
834 732 249 244 595 90 642 776 582 191 716 739 939 999
835 757 212 792 496 458 189 736 462 373 305 451 986 988
836 117 508 723 380 805 332 524 14 822 754 532 878 985
837 48 126 29 797 592 601 249 355 575 175 234 890 900 918 970
838 36 290 811 218 726 671 814 48 515 685 724
839 206 683 622 289 249 87 307 557 201 263 232 841 880 902 920
840 56 570 263 213 48 415 539 240 748 7 393
841 483 493 133 221 533 366 305 604 301 685 839 856
842 829 19 453 456 509 796 624 477 173 273 426 975
843 44 503 474 677 607 109 175 267 796 593 67 851 865 902 916 937 987
844 739 67 239 598 277 190 455 208 238 62 421 937
845 823 623 303 268 160 516 491 743 771 453 200 997
846 233 101 78 119 441 528 341 109 701 339 776 939 981
847 150 828 829 532 740 573 599 111 797 68 135 872
848 81 317 436 488 49 96 258 487 53 557 722 868 943
849 280 76 274 247 560 678 710 450 403 54 415 966
850 443 796 546 577 504 772 44 216 673 791 30 868 952
851 563 625 697 369 843 618 375 216 194 738 828 954
852 641 236 565 466 647 585 589 112 351 469 417 863
853 229 769 397 65 626 10 157 115 394 667 661 861 914
854 645 632 733 568 610 463 156 288 44 635 346 857 886 904 934
855 71 781 187 17 448 546 129 703 148 301 105 916 947
856 596 684 418 161 456 841 160 781 462 620 388
857 713 736 394 346 644 818 16 854 22 407 57
858 96 454 302 67 306 549 233 520 33 337 470 933 934 987
859 596 24 68 259 7 99 493 279 603 808 82 905
860 757 429 452 552 117 474 150 762 759 597 274 889
861 434 46 274 127 281 125 239 853 759 511 334 951
862 186 862 862 659 39 317 630 765 604 762 406 426 894 996
863 340 175 812 338 695 50 608 852 813 431 212 880 901 903 978 980
864 323 9 180 279 815 699 559 434 308 723 35 989
865 92 766 343 818 317 441 418 43 810 673 843 877 913 923
866 72 372 780 163 237 46 555 478 429 830 352 965
867 118 327 251 352 871 378 289 760 322 513 343 917
868 176 370 848 467 850 263 752 205 173 817 703
869 422 223 222 8 11 231 161 263 418 529 9
870 755 750 213 357 295 354 442 740 590 660 355 882 996
871 867 171 398 324 664 332 590 780 682 61 473 802
872 75 847 362 111 499 116 254 82 63 579 344 873 910 993
873 577 41 36 874 372 763 872 736 320 245 2 884 927
874 873 188 303 235 566 487 142 705 29 520 165 483 899 968
875 409 394 672 175 816 669 594 422 329 777 470 968
876 416 247 341 393 379 578 655 654 331 1 716
877 97 265 121 826 350 714 865 754 765 136 345
878 745 742 146 683 699 813 836 664 310 447 74 882 888
879 183 811 656 602 680 184 667 475 496 358 166 917
880 35 106 839 195 863 186 237 48 365 715 585
881 356 291 538 394 590 82 642 728 712 773 162 909 935 994
882 65 672 277 651 464 110 413 283 870 878 670 919 989
883 536 755 166 51 626 883 883 303 633 289 253 722 931 954
884 677 556 479 129 441 762 707 873 414 175 281 895 942
885 116 589 638 303 281 351 361 644 248 413 190
886 854 682 169 612 798 776 31 314 440 812 578
887 113 311 359 556 418 513 508 383 328 437 312
888 513 329 228 597 673 285 491 71 878 35 506 945 998
889 108 771 666 33 225 550 799 62 570 860 383
890 497 80 601 346 166 639 305 837 53 195 223
891 558 338 208 30 102 576 706 175 741 180 753 903
892 660 399 603 281 516 698 708 832 528 331 81 942
893 642 215 713 100 420 99 159 424 668 140 118
894 28 297 162 571 770 404 357 145 379 793 862 927
895 465 217 833 260 884 239 456 810 683 98 453 934
896 807 24 502 721 216 661 446 531 161 620 671 925 940 989
897 108 414 588 284 431 610 693 627 255 623 686 918 948
898 132 135 900 690 269 478 307 757 650 806 527
899 128 306 248 229 874 390 528 711 377 688 369 922 984
900 898 837 713 505 385 814 178 648 904 760 667 563
901 555 209 406 768 466 316 863 312 647 300 740
902 108 269 298 803 60 231 475 44 839 843 225
903 825 863 13 782 762 419 404 475 122 596 891 942 951 976
904 900 755 263 488 457 590 771 712 591 566 746 854
905 77 398 787 265 247 204 127 859 658 312 305 911 930
906 34 29 395 812 406 294 410 252 452 722 30 990
907 321 456 802 252 168 296 353 218 701 183 369 908
908 88 258 583 389 31 681 727 756 683 277 907 933 944
909 809 820 342 532 824 881 189 199 388 651 64
910 547 357 467 786 872 827 657 575 130 210 125
911 173 771 628 905 15 499 309 687 602 774 494 981
912 299 273 675 566 587 141 342 116 351 36 689 970
913 492 447 414 493 279 233 614 818 47 191 865 920
914 389 853 396 200 303 395 180 118 24 228 800 969
915 310 816 25 801 778 237 38 261 293 208 60 931 945 963
916 245 200 714 244 522 498 855 702 92 692 843 993
917 654 711 646 131 785 867 668 879 454 640 169 979
918 482 338 683 165 111 72 249 583 837 897 88 962 979 983
919 919 919 204 400 882 489 291 303 775 493 260 630
920 682 301 137 839 787 80 367 232 373 598 913
921 501 461 806 802 694 573 373 217 174 574 752
922 421 194 206 899 121 444 735 225 733 229 286 945
923 158 763 478 771 476 221 470 504 215 865 458 949
924 308 628 243 710 327 44 488 94 591 582 449 956 983
925 231 728 602 896 698 468 817 4 716 83 69 966
926 435 394 442 722 303 817 681 71 44 562 158
927 54 66 673 440 764 894 519 873 216 7 596
928 793 168 256 164 666 41 335 381 405 488 275
929 108 182 68 616 728 704 626 519 27 167 536 992
930 556 250 48 389 593 754 905 57 592 732 436 931 944
931 676 404 421 381 479 883 127 205 31 930 915
932 551 241 777 341 655 768 433 291 569 315 608 975
933 803 614 631 908 87 801 513 858 418 751 102 963
934 895 618 184 854 858 269 15 710 561 356 666 971
935 151 738 150 649 881 743 674 76 701 704 750
936 213 555 142 349 648 516 22 439 630 487 461 968 975
937 318 844 311 23 756 536 509 181 295 374 843
938 828 503 684 575 54 633 385 12 719 712 669
939 834 846 9 730 753 705 511 560 101 358 351
940 168 334 508 896 530 380 295 239 128 19 184 949
941 747 341 503 734 525 817 84 687 712 17 590
942 253 943 892 366 116 884 903 508 184 286 769 946
943 942 779 281 810 184 92 360 612 302 449 848 734 959 964
944 681 741 135 323 73 475 225 825 930 908 81
945 75 922 418 241 432 306 265 915 343 888 29 976
946 27 56 67 302 33 105 171 326 180 631 942 967
947 672 195 818 279 230 399 855 96 533 573 267
948 416 263 12 654 229 897 237 508 57 558 775 980 986
949 107 384 513 594 152 461 290 271 550 923 940
950 249 317 486 400 175 681 298 375 244 402 137
951 375 591 85 676 861 903 598 480 177 189 638 961
952 94 569 87 164 850 10 143 54 465 958 324 988
953 557 232 801 661 169 68 64 251 647 691 809 962
954 735 678 883 417 851 13 500 330 260 665 604
955 509 575 798 702 201 377 720 239 35 544 753 961
956 782 544 329 25 803 654 924 370 383 514 642 957 960
957 508 36 351 696 130 543 187 303 956 565 734
958 952 613 182 93 318 568 350 264 48 471 576 307 993
959 382 669 729 687 13 268 567 190 943 253 371 978 991
960 364 321 768 424 685 124 107 389 956 826 786
961 955 125 110 244 951 716 414 64 661 257 326
962 270 129 953 264 918 172 277 737 54 41 313
963 115 149 289 933 915 801 458 292 339 230 629 994 996
964 368 223 193 426 806 756 943 390 966 148 103 988
965 154 130 444 618 469 866 412 366 372 525 210
966 964 551 811 369 849 449 426 799 501 925 429 742
967 946 169 811 71 342 439 266 620 52 128 444 999
968 266 36 709 31 874 546 936 875 342 44 50
969 766 142 231 410 719 358 339 914 341 289 243
970 140 250 912 837 720 302 759 4 104 684 595
971 12 260 726 311 685 697 52 121 539 934 212
972 529 723 663 50 725 185 623 141 572 740 456
973 305 488 819 552 266 243 27 592 432 364 628
974 463 12 374 608 667 153 99 515 621 820 593
975 932 471 842 936 786 273 421 75 779 42 120
976 180 474 766 269 903 499 945 699 446 760 440
977 805 354 348 3 833 802 806 583 708 536 123
978 422 863 654 681 154 430 56 418 404 611 959
979 918 519 571 108 183 384 219 917 143 467 517 986
980 244 863 114 288 780 458 89 425 948 96 682
981 189 911 107 495 163 780 29 846 530 216 323
982 198 10 223 611 404 683 544 583 832 547 241 988
983 918 129 270 924 428 401 535 458 73 735 511
984 20 291 48 668 270 587 112 366 543 479 899 992
985 675 836 574 831 618 800 66 793 264 15 567
986 241 404 386 948 767 371 979 785 401 835 429 997
987 372 161 83 184 133 656 592 843 589 858 733 993 996
988 554 964 187 982 348 343 673 835 952 330 581
989 896 407 17 337 496 167 236 338 359 882 864
990 303 432 706 21 468 447 571 906 775 11 618
991 781 7 355 431 731 959 94 736 178 645 548
992 80 929 761 625 984 498 40 612 810 322 646
993 318 872 45 828 916 998 662 26 106 987 958
994 416 383 250 367 881 333 321 343 584 244 963
995 479 538 29 244 159 120 92 744 726 142 352
996 870 178 276 618 390 862 987 588 148 963 699
997 845 738 20 56 648 77 246 433 403 76 986
998 993 744 30 254 797 888 643 799 457 160 675 168
999 377 646 65 967 138 547 834 386 242 454 385
1000 null
